10 10
1.44  1.07  3.91  3.37  7.96  8.31  0.71  2.42  2.9  3.86
0.76  6.15  9.29  3.13  6.86  2.43  2.15  1.13  2.58  9.35
6.44  4.04  3.26  1.6  4.79  3.26  2.72  0.51  4.63  7.3
9.13  9.71  0.36  0.68  7.8  7.14  2.05  2.51  8.55  8.18
7.83  1.1  4.4  6.89  5.96  6.69  6.56  2.16  0.48  2.78
5.68  1.88  9.27  0.39  3.12  9.6  4.08  8.24  1.59  7.32
9.78  2.79  6.83  2.99  5.56  5.78  5.31  9.11  4.14  6.69
8.52  1.4  8.02  6.06  9.34  4.64  0.36  5.22  8.99  8.03
7.61  0.65  0.6  7.37  7.24  5.01  8.59  4.49  5.11  8.98
0.8  2.89  2.29  1.94  5.42  0.37  7.37  0.91  7.96  7.29
