15 10
5.96  0.9  2.32  1.58  7.76  2.4  2.48  0.67  7.0  4.3
1.97  4.02  3.54  9.54  1.24  9.62  8.56  5.49  3.97  2.67
2.24  8.74  1.87  6.48  2.53  3.71  7.09  5.07  4.96  4.08
3.56  5.02  4.53  2.5  0.96  4.43  1.94  3.15  8.58  0.43
9.12  5.2  2.59  4.36  6.71  3.55  2.62  4.48  2.47  8.09
6.9  2.94  4.11  7.42  0.03  9.58  6.43  1.46  3.96  4.14
9.38  5.65  1.51  8.57  5.1  3.36  5.43  8.74  9.26  8.65
1.65  4.67  4.54  2.34  1.61  4.5  4.12  0.22  9.45  7.75
2.27  6.79  9.65  7.49  7.08  2.74  3.96  9.47  7.73  1.07
5.35  7.49  1.51  9.28  5.02  9.8  1.67  2.53  8.19  6.14
0.96  7.19  2.57  4.24  2.25  0.92  0.09  0.62  5.92  1.35
9.28  0.82  6.52  2.76  3.35  0.07  1.88  3.01  2.06  6.81
9.48  5.01  6.08  4.01  7.07  5.19  9.66  2.24  6.98  7.83
2.57  0.29  2.03  6.75  1.65  0.35  2.25  8.58  5.24  5.34
0.1  0.88  8.22  7.12  0.15  2.62  7.11  4.11  4.38  8.96
