100 100
8.17  4.37  9.41  7.49  0.8  8.06  5.02  9.87  9.29  1.9  9.39  0.42  9.25  5.17  4.75  9.98  6.99  2.17  3.42  3.85  8.83  2.7  5.23  4.72  4.93  9.2  0.61  1.44  7.82  4.96  5.31  0.74  4.6  7.36  2.84  0.92  1.01  1.18  0.84  7.88  2.23  7.51  6.72  6.78  2.83  6.95  1.18  6.69  7.73  0.82  9.06  3.73  1.28  9.39  8.51  4.89  9.87  7.0  6.83  8.82  9.43  9.61  8.83  5.77  2.81  2.93  2.73  9.3  8.33  9.16  7.9  8.42  8.32  7.59  4.41  0.89  8.38  6.09  2.97  0.82  4.0  9.34  1.45  9.9  9.25  6.05  9.57  5.43  4.74  3.51  1.43  4.38  9.14  1.63  4.04  9.4  8.62  7.24  8.02  7.98
1.95  8.67  8.59  2.23  8.21  8.87  5.04  0.07  9.48  2.29  1.08  0.49  9.73  0.27  3.84  5.01  8.52  9.87  9.7  9.24  9.61  4.62  6.18  8.68  0.35  3.51  9.62  3.51  3.65  0.61  1.56  1.14  5.52  4.3  6.85  2.12  5.53  5.29  0.38  3.87  9.14  8.52  8.17  8.01  3.85  8.87  2.14  0.8  2.14  5.73  7.6  4.75  5.67  8.54  6.64  4.92  8.06  9.61  9.64  5.44  4.89  3.81  2.23  6.32  2.02  5.58  0.05  3.98  5.57  8.45  2.58  5.19  1.68  9.12  2.77  1.52  8.47  5.6  8.34  0.28  6.73  4.37  8.62  9.6  9.04  2.9  2.85  8.26  8.5  3.24  8.54  7.33  9.44  1.44  9.55  5.75  1.29  2.23  3.93  4.93
0.22  5.35  6.15  7.28  2.85  2.37  5.78  7.56  3.53  1.41  3.85  8.91  2.77  3.1  0.67  6.0  2.46  0.18  2.41  8.79  6.02  2.2  8.85  6.45  1.44  3.94  4.37  2.29  7.18  7.24  8.47  1.21  6.62  9.6  1.14  1.03  7.89  2.22  5.31  2.45  9.77  6.54  6.43  9.03  3.39  8.25  9.48  9.94  8.39  2.42  7.26  3.04  8.01  3.92  9.26  6.67  2.19  4.28  6.43  0.27  2.7  4.38  9.16  6.37  4.44  1.6  6.62  0.5  7.82  3.6  3.13  7.46  3.59  8.02  6.08  2.02  3.14  9.91  9.47  5.55  6.95  1.53  6.42  4.78  5.05  0.61  6.56  4.87  0.11  2.41  4.57  5.88  5.22  7.61  4.6  0.98  5.42  0.11  0.77  3.66
6.73  7.77  7.09  4.51  8.24  0.2  10.0  0.59  2.42  3.94  5.49  0.14  8.14  2.36  0.13  10.0  6.35  6.39  3.46  6.77  8.87  1.03  7.83  8.12  2.93  5.77  3.31  6.43  2.6  4.09  8.02  6.95  1.97  4.24  9.64  7.91  7.25  8.56  5.55  9.66  8.31  7.7  7.71  9.01  9.84  1.29  7.26  3.51  1.36  7.08  1.74  7.88  2.87  7.51  0.27  3.88  0.14  0.31  0.27  9.23  1.77  2.27  4.59  8.64  0.63  0.96  2.11  9.31  9.54  4.86  7.12  8.71  6.39  2.61  0.52  6.89  2.2  3.15  1.11  4.16  0.4  2.78  6.86  5.25  5.74  5.62  5.6  3.81  8.03  1.55  2.93  5.49  5.19  4.58  3.3  8.32  7.34  4.77  5.88  7.53
0.12  2.29  4.79  7.34  7.86  4.45  5.91  1.67  1.22  6.62  4.64  7.2  6.04  8.39  8.71  6.52  0.25  4.64  6.87  4.76  7.76  3.65  0.44  0.04  8.23  0.05  9.23  6.44  3.58  2.32  3.81  5.78  6.32  5.5  9.7  6.13  0.31  2.63  1.18  4.54  9.6  4.83  4.04  0.1  4.63  4.61  2.16  0.85  9.85  9.27  2.43  9.93  3.87  0.99  3.43  7.83  7.08  6.71  9.94  8.86  8.77  2.36  2.72  8.65  4.64  3.86  2.03  5.02  2.86  8.22  9.9  8.19  7.63  2.69  8.3  2.49  0.02  0.91  4.51  4.78  3.81  5.69  5.4  9.35  5.02  9.11  7.75  3.43  5.99  0.35  7.18  0.81  5.29  7.15  6.69  1.69  9.05  6.07  9.93  9.56
2.48  2.46  5.4  4.0  1.24  6.77  6.44  4.26  6.33  7.67  7.3  2.29  8.79  8.53  3.66  2.56  8.71  9.09  7.3  8.12  1.89  8.25  4.86  7.91  2.56  4.17  7.62  7.49  0.87  3.79  3.24  4.45  1.26  1.24  4.58  2.17  7.43  7.87  1.23  1.77  1.9  9.34  7.83  0.82  5.56  1.8  7.0  5.99  0.23  1.08  3.16  8.19  3.9  8.43  0.81  6.21  0.37  2.81  9.64  9.17  5.88  0.67  6.78  6.05  0.39  8.6  2.07  8.35  3.81  3.52  9.94  2.87  2.35  4.2  8.86  6.94  8.49  2.18  2.12  6.3  1.69  1.24  9.35  3.78  4.97  7.36  4.3  9.48  2.73  3.1  8.15  9.39  7.99  3.76  0.33  2.59  3.55  3.53  5.31  9.35
8.85  9.72  5.2  7.03  3.05  3.14  1.62  5.66  1.09  4.73  0.29  4.22  6.28  9.68  9.16  5.23  1.06  6.27  6.76  8.03  9.98  9.72  2.07  7.02  8.2  1.04  6.48  2.05  5.76  5.26  7.21  4.52  3.94  0.78  6.12  6.23  7.22  0.48  0.37  3.08  4.19  7.46  1.57  1.73  3.37  6.43  4.06  2.88  8.2  8.86  6.03  1.2  5.62  6.89  7.31  4.6  5.09  7.56  8.32  0.0  5.74  2.73  9.96  0.7  8.8  6.9  5.64  4.57  6.27  8.58  1.75  6.65  5.05  5.53  3.6  4.87  5.0  4.17  7.39  3.24  4.95  4.03  0.93  9.33  0.19  6.33  4.3  8.75  3.16  2.33  4.14  7.91  0.74  1.92  3.3  9.83  9.5  6.83  6.34  5.75
3.98  2.34  1.88  7.89  4.51  3.26  1.44  7.27  0.75  4.85  1.57  9.35  4.66  2.52  1.44  7.41  7.14  4.18  7.28  4.11  5.8  6.26  4.64  8.27  8.32  5.13  9.55  0.02  8.19  1.65  1.81  3.93  7.45  2.83  1.91  2.89  2.56  5.01  4.74  0.47  6.16  3.21  1.78  8.57  2.27  9.97  7.34  2.16  3.98  8.97  7.54  8.74  9.06  7.06  0.56  1.83  6.81  9.91  6.87  5.03  1.26  3.45  0.14  5.33  2.93  8.79  0.73  6.04  2.82  9.01  2.75  7.09  0.82  6.33  9.83  5.96  0.08  8.95  0.35  2.17  7.97  5.85  8.72  3.61  2.51  8.59  0.26  9.24  0.42  1.06  6.48  0.95  6.77  6.89  8.89  4.92  3.24  7.2  9.94  2.37
2.81  9.98  6.72  7.74  7.29  6.53  6.08  5.61  7.35  5.1  6.13  4.58  1.54  9.14  2.38  9.67  9.82  2.95  0.02  3.4  9.21  9.35  6.7  3.35  3.52  1.36  8.03  9.49  4.63  3.45  4.14  7.48  4.11  2.52  0.58  6.25  2.5  5.52  2.19  6.4  1.14  6.03  6.82  5.44  4.21  8.66  4.07  4.91  9.0  2.78  7.28  7.69  6.02  8.17  0.11  7.64  3.18  4.56  8.05  3.61  2.37  8.47  9.88  5.4  2.99  6.72  4.24  9.75  4.8  2.69  6.07  9.6  6.19  3.16  4.51  5.87  5.28  4.37  9.69  4.44  0.02  7.39  3.41  2.58  0.88  2.85  6.71  6.62  8.71  7.39  1.18  9.19  6.23  5.03  0.16  5.6  9.49  4.95  5.32  1.36
6.34  0.72  2.87  0.29  7.39  9.38  9.99  0.3  9.6  0.94  9.59  2.0  0.46  9.9  3.86  1.09  9.62  1.64  1.9  4.58  1.89  9.2  4.24  1.09  8.66  5.66  4.54  8.42  3.21  4.84  5.51  6.79  0.31  1.15  9.32  7.07  2.21  0.86  3.95  4.8  9.11  4.68  3.41  8.4  8.87  9.21  6.48  5.96  8.41  5.19  8.95  8.11  3.26  5.91  4.49  9.03  2.73  6.29  5.05  9.01  7.92  6.85  8.73  8.91  7.57  6.96  3.06  0.86  2.45  3.31  8.21  4.48  7.96  6.78  2.76  3.85  3.14  8.49  0.14  1.97  9.09  8.56  0.63  1.9  3.93  3.58  3.87  2.86  1.19  3.79  0.65  3.42  3.93  4.2  8.99  3.37  3.42  3.96  5.87  1.83
9.65  6.16  7.64  5.54  7.23  8.94  3.66  1.96  2.0  6.22  9.84  0.26  5.88  1.9  4.03  8.79  6.83  7.68  5.81  3.45  5.22  2.24  8.77  3.99  8.79  5.36  7.8  5.53  7.21  7.53  7.53  6.45  7.47  0.12  5.14  8.24  2.49  9.54  4.52  0.74  1.74  6.58  1.03  3.73  0.4  0.99  8.48  5.03  6.02  8.6  2.42  1.37  6.71  1.43  6.53  7.35  4.22  0.68  1.55  2.1  0.91  1.91  3.27  3.53  4.92  4.85  5.15  6.75  9.25  3.06  4.15  5.3  2.36  3.65  9.88  4.94  4.11  8.99  0.63  1.51  4.82  6.36  6.34  5.18  5.62  3.74  5.64  6.34  0.3  0.76  9.89  1.59  0.97  8.11  3.38  4.21  5.89  3.68  4.43  8.82
0.82  7.22  5.21  0.95  2.88  2.07  1.09  7.45  6.38  0.26  9.47  7.99  5.65  6.9  2.49  1.86  5.61  8.82  7.88  8.25  6.08  8.71  1.11  6.44  5.25  6.29  5.95  6.45  0.14  3.51  2.48  1.54  6.97  10.0  8.22  5.42  9.01  8.34  8.14  3.52  8.17  0.8  7.88  7.5  0.39  9.83  2.13  3.65  9.0  0.43  7.08  4.18  1.95  7.47  5.04  6.13  2.61  5.37  4.23  8.1  7.55  2.02  2.57  6.9  3.74  7.69  9.52  0.83  2.78  5.25  5.91  5.04  4.95  7.74  4.03  6.7  4.11  1.95  6.13  2.3  6.87  2.36  9.87  8.25  4.18  6.91  3.59  7.34  6.45  5.72  8.12  0.34  2.48  0.09  1.8  9.0  2.73  5.58  0.65  2.48
8.8  2.27  1.16  8.49  4.32  3.0  2.12  4.85  1.51  6.6  6.87  1.06  8.43  6.66  1.98  7.77  8.47  1.23  2.57  9.62  2.46  8.17  9.86  1.92  2.28  4.91  8.21  0.3  9.63  8.25  5.51  2.61  0.12  6.21  0.11  4.17  1.88  1.57  3.91  1.97  6.87  3.55  1.19  8.23  7.95  4.74  8.05  0.55  6.3  7.41  9.73  6.14  5.56  9.09  8.44  2.11  0.08  7.49  7.59  7.35  1.91  0.77  2.86  7.74  8.74  7.03  2.53  2.05  4.43  9.98  1.22  9.88  4.43  7.24  8.9  7.97  8.44  2.19  8.29  2.19  9.23  2.5  4.26  1.84  0.23  9.62  7.79  6.44  1.07  4.63  2.45  8.57  9.45  3.72  1.4  7.51  2.37  6.23  4.02  6.08
4.11  5.83  0.59  3.23  1.11  8.5  7.46  9.44  7.28  9.77  4.51  2.52  9.66  0.41  9.22  9.66  0.95  6.14  9.31  7.46  9.59  2.61  9.58  4.41  1.1  8.26  3.48  2.98  1.29  6.49  0.18  2.47  4.13  5.16  6.68  2.09  6.22  0.08  9.41  3.32  5.95  5.42  6.75  2.06  3.23  0.15  1.34  7.44  7.06  7.57  8.45  3.38  3.82  3.23  7.6  6.61  8.78  9.91  9.26  0.68  2.04  7.91  6.1  5.61  9.75  0.25  6.62  9.99  7.57  3.05  8.62  2.19  1.84  4.33  9.39  7.93  9.08  8.46  5.25  9.88  9.65  6.47  0.99  8.33  9.66  1.18  9.33  1.38  3.43  0.99  2.77  9.02  7.16  1.05  4.54  0.98  0.81  2.9  1.2  6.18
4.1  5.07  5.04  4.8  3.52  8.34  9.05  9.45  9.5  2.09  3.81  0.43  2.72  7.02  5.63  2.36  2.15  5.18  8.94  0.77  0.77  6.3  6.56  3.75  6.56  8.74  2.87  6.97  9.18  9.49  5.88  6.62  1.23  9.58  7.79  9.63  8.59  3.92  7.41  3.91  9.16  8.43  5.01  4.12  6.21  9.79  0.57  8.52  0.56  5.37  3.71  4.6  3.89  9.81  7.45  3.09  4.84  9.27  6.4  3.98  5.5  0.8  8.27  8.92  2.96  4.33  7.56  2.92  8.72  2.89  4.62  9.39  2.69  7.56  2.96  2.92  0.35  3.61  7.37  6.43  1.49  9.37  3.02  7.24  0.16  2.77  0.89  1.67  5.33  5.18  5.29  5.69  4.94  7.28  1.14  1.68  2.18  9.83  3.06  7.71
0.11  3.46  7.93  5.13  9.43  1.29  3.58  0.2  3.57  5.22  1.19  9.36  1.22  3.67  0.9  9.98  9.37  3.72  4.25  0.14  2.96  4.56  4.01  0.96  9.84  5.63  0.24  5.62  6.79  7.7  7.76  7.05  2.63  7.68  9.87  8.33  3.25  5.82  0.52  3.03  4.94  2.76  3.58  3.63  2.21  6.38  2.96  9.34  0.61  5.64  6.0  8.6  4.21  5.41  5.2  9.33  2.32  6.42  7.15  3.4  9.65  6.93  8.45  3.55  3.41  9.66  3.03  7.17  1.69  9.54  8.09  9.81  1.68  1.92  8.23  4.74  0.34  8.66  8.62  7.72  7.63  7.65  9.62  1.0  9.58  6.56  5.06  8.8  1.36  7.48  9.64  3.03  3.31  2.15  1.89  9.83  0.31  4.73  3.16  1.11
2.79  4.8  5.3  7.37  5.31  9.48  0.45  7.44  5.72  4.74  7.27  6.19  8.38  7.6  9.81  6.03  1.41  4.67  9.05  6.36  9.52  2.87  3.14  7.08  3.66  1.54  4.87  6.37  5.04  3.39  1.55  9.32  5.24  4.32  5.6  0.77  0.97  8.41  5.04  6.81  5.0  7.87  8.12  7.77  3.33  8.91  9.03  4.03  9.43  3.83  6.96  6.16  4.78  2.81  7.92  3.07  9.33  7.51  8.32  7.17  0.93  0.62  2.74  5.25  9.79  1.66  9.57  8.0  5.97  5.0  9.46  4.57  6.85  5.67  7.68  3.13  2.56  3.18  5.43  9.89  1.48  8.15  2.54  3.08  3.8  4.81  9.99  3.87  8.81  0.04  5.46  8.58  0.07  9.16  4.1  3.22  1.82  2.51  5.45  2.12
0.01  8.18  6.69  0.55  2.07  9.45  3.03  7.15  0.64  7.24  5.27  7.37  0.86  3.49  7.39  1.63  5.53  7.26  4.98  3.9  8.19  7.23  4.97  4.41  0.81  0.26  6.38  0.5  2.64  3.53  2.32  1.35  5.94  0.19  3.93  8.39  9.59  6.36  0.81  2.35  0.21  9.9  8.76  7.63  1.51  6.85  6.73  0.11  8.67  9.75  6.57  0.19  2.11  4.94  1.12  4.01  2.15  2.38  3.86  8.91  1.97  0.74  8.59  3.04  1.65  9.18  0.52  4.21  5.2  6.07  7.46  1.24  9.27  8.0  5.41  0.74  0.41  0.87  1.53  5.92  3.68  2.93  8.7  6.54  6.06  6.78  6.62  2.58  4.15  9.26  8.81  9.97  0.72  3.88  7.75  9.85  4.14  5.92  5.62  2.42
8.43  1.26  5.45  2.2  6.78  0.95  3.47  3.51  6.28  6.27  1.02  2.61  0.5  0.19  0.85  7.62  7.55  9.12  2.5  4.85  0.35  8.53  3.19  7.11  2.09  0.32  1.69  2.64  7.79  5.84  0.84  0.28  6.03  7.73  4.22  2.43  2.12  5.74  7.25  8.64  6.76  7.36  7.61  4.76  1.11  5.99  7.81  7.83  6.1  2.68  3.33  6.32  1.12  2.16  1.1  9.34  5.79  7.92  5.03  8.15  1.54  2.64  8.23  1.36  0.94  1.96  8.15  1.06  0.4  2.09  9.69  1.71  7.42  3.61  4.39  6.23  3.37  2.29  5.76  8.5  7.56  9.15  4.72  5.58  3.84  7.04  2.65  9.11  8.16  0.74  7.34  5.31  2.69  9.8  2.64  4.55  1.13  5.71  9.66  7.14
5.57  8.24  8.02  1.05  2.25  5.89  7.11  8.62  1.25  9.44  7.23  3.85  9.62  2.59  9.4  9.48  0.55  6.39  6.41  6.31  1.72  0.5  1.46  1.97  3.12  8.2  2.64  7.24  5.61  5.34  3.62  2.07  1.16  6.03  3.95  4.04  4.82  7.51  7.46  2.18  8.73  9.11  8.71  1.35  8.3  8.6  7.75  0.92  6.35  4.47  8.19  8.77  3.63  2.92  6.6  8.06  2.09  4.21  7.82  2.33  8.28  1.2  2.15  1.7  9.22  3.54  0.62  9.11  0.89  4.45  1.84  9.04  7.86  4.41  3.15  2.23  8.88  9.62  2.75  7.14  7.49  0.77  7.22  7.14  2.46  3.94  0.18  7.16  9.41  1.41  4.86  0.34  9.25  7.26  4.59  1.08  4.47  1.19  2.3  3.58
1.51  8.37  7.8  2.59  3.58  5.47  6.57  9.89  0.3  6.23  8.03  4.33  6.39  4.33  5.7  8.28  2.73  5.07  1.97  1.83  8.24  8.87  2.77  9.64  4.06  1.89  7.39  1.62  4.25  0.51  9.9  4.05  3.06  4.6  5.88  3.92  3.88  4.05  4.2  0.97  6.18  2.8  4.84  7.65  3.15  1.24  8.87  1.01  3.21  5.39  2.77  9.22  9.59  8.23  2.03  5.84  4.78  5.35  7.38  9.15  9.64  1.75  5.73  0.82  5.03  1.63  5.78  9.95  3.95  5.61  7.25  8.91  5.23  8.28  5.18  2.15  1.69  8.14  2.66  7.97  1.38  9.12  6.81  1.84  8.16  2.19  2.83  8.42  0.45  6.37  1.19  2.66  9.51  0.56  4.72  9.77  5.21  2.68  8.11  9.36
8.21  5.79  4.37  9.62  8.18  7.95  8.37  4.57  1.27  2.78  6.31  7.5  7.92  1.67  6.85  5.53  2.64  8.38  4.49  1.41  5.76  7.47  0.62  9.32  3.31  3.95  4.6  7.16  8.76  1.16  4.51  1.19  4.16  8.45  9.73  7.68  2.6  7.58  9.64  7.17  4.38  9.59  4.03  5.6  6.21  4.32  5.06  7.3  9.8  5.12  2.7  4.58  9.11  2.55  8.04  5.25  1.86  8.94  7.48  4.94  5.5  9.22  9.9  2.68  4.22  8.83  9.05  7.58  0.55  6.07  7.33  5.78  0.74  0.57  2.5  0.46  7.68  7.81  7.05  1.7  3.84  4.66  1.87  0.24  5.58  0.02  6.34  7.67  9.4  8.22  2.83  0.57  7.96  6.08  8.98  8.79  2.06  2.67  6.81  2.08
8.06  2.33  5.2  4.8  2.79  8.21  1.2  2.37  5.23  7.76  7.78  2.42  8.14  9.09  7.82  5.18  2.15  4.66  2.35  8.12  6.87  4.0  1.69  6.48  2.63  9.2  6.38  6.85  9.02  5.61  4.07  5.18  6.56  8.42  2.58  0.52  3.82  7.02  1.2  6.47  3.77  0.46  2.93  3.83  7.31  4.5  9.37  0.68  4.33  6.32  3.11  8.28  9.31  0.56  1.75  8.53  3.55  1.51  8.67  4.45  0.11  8.03  9.35  3.11  0.36  8.41  1.59  8.73  9.64  9.85  1.99  6.68  9.5  9.45  3.11  6.15  5.29  1.14  8.86  2.69  1.16  8.41  3.66  1.91  8.57  5.51  8.3  9.92  7.32  1.87  5.45  2.69  6.42  5.85  3.67  2.54  9.43  0.85  9.02  4.45
4.43  1.23  6.7  7.45  2.09  9.7  4.78  2.16  8.69  7.26  6.16  4.45  3.72  9.08  0.17  1.49  7.44  6.81  9.78  9.24  9.75  6.86  2.96  9.67  8.04  8.43  3.22  6.58  4.59  7.15  3.34  4.98  6.04  0.29  8.83  2.81  0.48  2.06  9.3  5.24  9.41  4.6  4.18  0.07  7.77  9.67  0.24  8.16  3.36  1.63  8.49  0.24  8.92  0.84  2.69  4.21  6.41  1.09  1.45  7.69  8.1  2.03  8.96  0.51  0.35  2.76  6.51  1.74  2.23  5.61  0.1  0.04  3.51  8.57  1.29  3.36  4.2  6.09  0.17  7.45  1.02  3.85  3.97  4.8  2.88  2.53  4.75  1.8  1.27  8.89  2.1  0.35  2.75  1.18  6.39  2.0  7.83  3.44  6.09  2.2
5.26  4.51  7.84  7.72  6.68  6.55  9.92  2.22  6.33  6.71  2.28  9.33  1.78  6.71  9.61  8.8  0.15  2.16  7.17  9.95  1.64  4.06  5.12  3.07  1.28  2.35  5.06  7.07  9.89  9.84  8.81  9.26  9.04  2.46  8.58  2.65  0.28  1.38  4.92  8.66  9.71  5.79  3.85  8.22  4.72  9.0  9.82  8.09  1.8  3.09  8.58  0.04  5.81  2.17  2.89  0.41  9.62  5.87  7.64  9.75  9.9  1.51  9.33  7.53  9.17  1.14  0.67  2.45  0.23  0.61  7.77  4.56  1.59  2.86  0.49  8.74  1.7  3.09  7.56  7.39  5.68  5.16  9.6  8.81  1.98  2.85  8.79  8.59  5.73  1.49  2.27  1.01  2.99  3.1  9.51  7.97  9.41  4.63  1.94  8.18
3.91  0.72  6.09  3.73  9.35  7.03  9.54  8.59  3.25  8.39  5.78  3.88  1.32  8.27  3.79  4.72  4.62  7.43  0.44  9.65  4.61  7.04  2.1  4.61  2.24  1.9  3.03  1.65  2.47  7.38  3.55  8.88  1.41  0.31  2.47  5.93  2.17  3.38  6.09  9.81  1.03  4.04  6.85  1.37  6.93  2.44  9.93  7.06  6.44  8.06  5.97  7.77  6.38  3.85  2.54  2.13  6.87  6.71  1.63  2.2  3.71  5.83  2.94  4.43  8.74  1.88  2.19  5.63  0.53  1.47  9.19  9.77  3.0  5.32  5.27  2.33  6.62  4.45  2.29  3.49  4.43  8.33  8.59  5.02  8.3  2.36  3.94  5.05  2.59  7.47  8.74  5.07  1.16  0.96  8.39  0.36  2.87  7.7  8.8  2.53
7.81  3.79  9.08  1.61  9.09  3.1  5.91  0.45  0.81  6.16  5.23  3.84  4.77  9.57  6.82  1.03  4.27  9.93  9.85  9.53  4.0  1.56  6.75  6.71  2.61  9.01  9.95  2.91  8.37  8.0  4.6  8.67  3.51  0.7  0.43  2.27  1.17  8.63  5.98  5.86  7.57  1.2  9.02  1.95  4.66  8.37  5.98  6.2  3.14  6.19  8.24  0.35  7.73  5.97  2.09  3.83  8.72  3.67  3.42  2.24  3.01  3.34  1.91  7.78  2.51  6.49  8.37  5.45  7.37  6.77  8.32  5.33  1.43  8.19  5.47  5.33  5.47  3.33  1.93  4.23  2.88  2.16  5.22  6.64  1.64  3.26  6.88  8.98  4.15  3.4  9.41  1.37  9.58  6.76  2.96  9.4  5.09  8.61  9.32  7.03
4.3  6.52  8.47  2.04  3.65  8.73  1.12  6.47  6.07  4.08  0.05  1.68  6.54  7.14  5.31  8.4  4.41  2.5  9.35  4.64  8.22  1.12  1.15  0.16  0.2  5.18  8.03  2.93  0.75  2.47  8.67  1.42  9.17  1.87  3.09  0.3  8.36  2.85  4.54  6.49  9.08  2.25  1.56  4.4  2.99  1.23  9.52  7.15  2.51  0.35  3.54  7.07  2.5  2.43  7.56  9.36  6.04  6.31  7.2  2.68  0.7  0.41  3.62  5.99  4.47  8.63  6.28  8.48  1.09  4.19  0.71  6.75  2.77  3.28  6.92  8.3  2.49  3.72  5.82  0.13  9.4  2.77  6.77  8.78  0.56  2.93  5.6  8.0  8.86  0.86  5.55  8.32  8.64  7.84  1.74  2.4  7.42  5.6  8.87  5.12
4.09  7.77  6.57  4.72  2.17  9.11  9.02  3.63  5.42  2.58  0.69  1.99  6.66  2.9  8.41  7.55  4.15  4.51  4.66  9.3  7.98  0.91  8.0  0.24  6.75  7.71  3.14  0.98  1.87  6.56  2.57  0.46  1.86  4.45  0.56  9.46  5.9  4.92  3.45  9.68  2.01  5.74  6.51  2.24  8.18  0.62  3.76  5.35  8.49  6.0  4.58  0.83  7.98  2.46  1.88  7.5  0.68  1.36  1.4  1.78  0.9  0.18  0.66  4.67  8.41  4.84  3.88  6.21  8.59  4.76  2.65  4.33  1.04  5.22  4.9  5.13  9.35  5.18  9.59  5.71  6.62  0.31  6.1  8.09  3.38  7.96  2.67  5.59  1.46  5.7  8.79  7.48  8.67  9.88  8.5  9.56  4.99  2.96  0.3  1.13
4.13  0.49  3.83  8.77  8.13  9.81  9.36  1.52  9.87  8.58  7.74  0.88  4.58  0.86  5.77  5.49  1.64  8.98  7.15  5.58  5.9  0.38  2.78  4.14  0.73  9.88  6.09  0.65  0.75  1.19  3.39  7.33  3.86  2.08  6.61  5.54  9.31  8.21  1.74  6.9  1.69  9.99  9.98  1.04  1.89  0.61  4.86  0.28  2.18  5.41  3.6  7.88  0.86  8.85  8.01  9.87  3.16  9.72  5.38  2.55  1.03  6.71  0.16  6.48  6.32  8.65  2.01  6.85  7.11  9.87  3.04  5.29  8.55  0.49  8.02  6.21  6.08  8.8  9.93  6.28  3.06  5.02  9.36  2.74  1.02  3.92  4.14  5.14  8.44  2.8  5.29  9.66  0.5  7.7  4.86  8.81  0.7  9.27  1.25  9.3
4.87  6.02  3.47  9.12  8.55  5.28  9.73  3.34  7.82  1.91  0.01  3.26  3.19  7.06  1.24  0.83  0.21  8.35  4.01  4.64  9.89  4.89  0.83  6.27  7.92  5.03  8.49  1.12  7.31  9.89  1.17  7.87  6.91  5.48  3.85  0.43  2.31  0.42  0.45  4.94  9.82  3.64  0.67  2.19  2.02  2.82  9.61  7.54  2.45  6.82  7.46  6.77  7.01  8.06  8.55  7.01  5.05  5.12  6.6  4.44  5.69  2.34  6.2  2.04  7.38  1.84  2.27  9.78  7.38  0.82  3.14  3.18  3.0  9.46  9.32  8.28  3.01  4.46  5.25  0.39  2.42  5.85  7.0  9.42  9.29  8.93  6.87  6.1  4.14  0.05  2.0  2.3  7.33  8.43  7.27  4.09  5.28  3.16  3.65  4.83
9.03  7.34  1.72  5.69  0.5  0.54  9.97  7.75  1.14  3.77  4.2  9.64  8.94  4.25  5.71  6.43  2.93  2.36  2.23  1.28  8.17  1.72  5.22  2.11  7.81  1.85  8.2  5.96  9.69  2.07  6.29  3.45  3.05  5.44  5.46  5.95  0.24  2.33  6.69  1.3  1.95  6.06  0.97  7.63  0.11  6.64  9.4  9.28  9.93  4.82  3.82  6.27  0.46  9.95  6.44  3.45  5.18  6.13  4.34  8.06  4.24  8.8  4.82  4.36  9.24  2.42  4.12  6.41  2.64  7.59  6.36  9.06  3.11  3.87  4.34  7.48  3.5  4.32  3.52  4.22  6.52  5.66  5.15  3.49  7.63  5.91  9.58  0.92  3.16  7.12  4.13  9.5  3.27  1.25  6.79  4.28  5.4  9.64  4.2  7.66
5.49  3.44  1.93  6.68  3.73  8.38  7.86  9.17  2.64  5.59  2.47  0.48  3.87  2.19  8.01  1.57  6.91  2.71  8.28  3.42  0.61  2.83  5.33  5.41  2.89  0.89  6.05  5.78  8.77  9.41  1.11  2.53  5.91  5.45  6.16  5.03  5.76  3.24  1.27  2.32  6.51  2.35  7.1  1.87  4.74  6.76  1.49  1.2  4.3  8.94  5.09  9.95  8.36  8.68  4.2  3.56  5.29  5.57  4.11  0.61  4.4  4.92  0.39  7.12  3.26  4.61  1.89  5.93  5.86  0.21  2.8  5.13  4.48  3.74  1.49  6.12  2.8  8.06  4.41  3.75  5.13  0.22  6.46  3.18  9.78  0.32  5.66  9.88  6.68  5.58  1.87  5.4  1.11  9.92  6.78  2.31  9.41  3.69  3.48  5.79
5.05  8.32  7.27  1.89  9.3  1.08  5.98  6.79  5.32  4.77  7.21  1.93  4.87  7.32  4.02  0.51  0.98  9.29  1.06  7.22  8.6  0.9  3.02  7.91  9.52  8.91  4.53  1.06  2.04  2.93  9.08  4.36  5.12  5.64  9.19  7.52  7.65  2.52  4.24  7.21  8.72  0.83  5.82  9.15  7.78  5.2  8.01  2.26  2.76  9.99  4.2  3.34  8.86  6.62  7.88  3.42  7.46  2.02  1.06  3.6  4.12  6.92  1.23  0.95  6.75  6.24  9.38  0.61  1.11  4.92  5.65  0.02  8.79  5.78  0.78  7.57  1.8  2.48  4.13  4.09  7.3  8.06  5.01  4.85  3.25  4.58  8.39  8.89  9.06  0.07  2.94  3.54  1.52  2.89  1.87  6.47  7.85  4.5  1.4  2.75
0.74  0.05  4.78  6.75  2.33  6.27  7.3  5.83  3.82  7.65  8.69  5.64  0.52  9.45  5.48  0.66  4.62  2.86  7.37  0.29  7.37  4.43  6.54  5.77  4.59  0.41  4.84  3.62  3.65  2.87  2.22  0.25  0.05  4.31  7.82  8.5  6.17  5.44  4.74  9.79  8.07  3.15  8.65  7.34  4.58  6.93  3.48  5.6  2.58  3.53  0.67  4.26  4.85  3.54  5.65  7.33  0.17  5.05  3.84  8.92  1.26  7.03  7.25  1.19  5.47  3.27  8.44  9.84  5.92  3.13  5.88  8.53  5.09  8.67  0.82  7.3  2.85  2.63  3.91  7.27  5.39  8.42  1.47  7.07  7.43  3.05  9.55  6.65  8.22  5.12  3.42  3.8  1.24  1.57  4.75  9.25  3.99  0.81  6.22  1.77
1.23  2.31  4.75  6.21  5.51  3.79  8.52  6.98  2.18  4.3  2.8  1.33  7.5  7.12  4.78  4.21  4.09  5.62  5.88  7.94  0.06  6.96  1.53  1.54  4.67  1.54  7.92  1.73  2.83  5.96  1.55  7.46  0.81  2.68  4.68  6.65  5.62  7.94  3.99  2.62  0.31  3.85  8.99  3.96  4.35  8.58  7.13  7.8  9.38  5.66  9.83  4.98  1.96  3.18  7.39  0.65  0.48  3.9  4.54  3.13  6.15  9.42  3.79  2.56  3.31  6.86  0.56  0.2  0.96  4.7  4.46  2.61  7.25  9.91  3.47  0.65  0.71  1.93  5.53  9.37  7.73  1.22  3.08  1.31  8.51  1.24  4.66  0.72  3.77  4.51  5.18  7.64  5.68  3.13  2.73  5.21  2.14  9.25  0.77  7.07
8.34  9.02  7.0  3.1  0.81  3.91  0.37  5.35  0.6  3.24  4.88  4.83  0.26  7.7  6.01  4.38  2.47  7.88  2.32  9.08  1.55  2.77  0.38  3.87  2.82  5.76  0.45  2.9  3.0  6.51  6.1  7.4  6.47  8.02  7.03  9.11  0.15  7.64  0.41  8.19  5.86  7.21  7.37  2.33  0.3  0.02  3.22  1.1  7.38  1.17  5.64  8.92  6.94  1.76  9.73  5.12  0.58  3.74  6.39  9.21  3.6  0.45  8.67  6.19  6.61  7.59  5.43  3.67  3.1  0.62  9.8  7.1  0.21  2.18  8.78  7.51  7.98  4.38  6.94  3.99  3.24  2.2  9.72  6.68  7.32  2.62  2.45  2.41  0.57  8.55  1.19  7.36  4.32  5.45  2.68  7.11  8.47  5.17  6.15  7.71
5.48  5.24  0.84  3.92  1.47  2.43  9.07  1.9  1.55  7.03  4.97  1.53  9.86  1.86  9.11  3.9  4.33  9.09  1.54  0.34  7.56  0.65  0.2  9.33  2.77  4.18  9.48  8.87  3.37  6.12  6.39  8.7  7.74  4.77  7.2  3.97  8.96  2.95  1.07  5.57  4.27  0.05  3.26  8.89  4.03  2.94  5.14  7.5  3.79  7.55  1.68  3.47  8.27  1.14  4.2  2.76  4.24  0.87  9.67  3.3  9.54  7.51  7.62  5.89  2.33  7.91  3.54  3.69  3.97  6.39  6.45  5.37  5.22  7.24  0.59  0.98  8.38  9.85  0.83  3.6  9.11  5.06  5.79  0.73  1.55  6.59  2.76  0.04  5.03  5.11  2.25  1.47  8.4  4.3  7.78  1.35  3.53  2.7  2.46  8.1
3.3  8.54  0.46  8.86  6.66  5.93  4.45  4.65  6.98  9.1  3.64  5.78  1.99  3.72  5.18  6.94  0.91  10.0  0.25  0.16  9.46  5.61  5.04  8.61  0.25  4.01  2.83  5.06  4.97  8.34  8.22  5.93  4.77  0.97  5.23  2.56  5.39  4.7  9.27  8.46  5.67  6.96  9.17  4.32  6.03  1.76  8.26  0.46  5.59  4.66  3.6  2.5  2.85  6.37  2.06  8.24  5.9  7.56  1.66  1.39  9.26  3.62  3.96  4.55  0.74  4.83  9.62  5.29  0.16  2.96  6.05  7.18  6.75  0.21  2.67  4.9  9.87  6.06  4.51  8.88  8.98  5.45  5.87  4.06  6.12  1.88  1.08  1.9  1.29  9.32  7.13  9.32  6.81  3.71  0.55  3.71  2.02  2.48  5.08  7.12
3.65  2.45  0.65  4.18  7.96  4.62  2.09  1.17  4.9  0.15  5.52  7.89  8.68  0.31  0.91  0.95  1.24  7.52  1.48  8.74  3.51  3.59  9.81  1.97  9.87  0.69  8.28  7.09  6.97  1.68  2.05  7.17  5.12  4.15  0.16  9.98  1.62  2.33  2.03  0.28  7.58  2.49  2.7  7.12  2.24  8.0  8.64  4.28  8.69  6.88  3.37  4.23  5.09  2.46  1.98  3.68  5.97  3.77  5.08  3.6  7.05  5.84  3.91  4.16  9.8  3.46  6.75  4.43  4.88  1.27  5.48  5.97  2.34  3.44  7.33  2.05  4.58  0.51  1.48  5.89  1.84  1.74  9.95  2.34  7.09  2.03  8.32  9.41  9.02  0.31  2.13  2.78  6.37  1.73  7.56  4.44  4.48  9.54  4.64  5.6
3.1  0.21  3.54  3.66  6.76  4.12  9.77  8.04  0.05  6.91  1.57  5.27  2.16  9.1  6.84  3.11  2.68  0.01  8.74  7.13  6.82  2.14  8.28  5.32  7.91  2.22  0.94  7.75  0.74  9.04  9.65  3.29  7.67  0.84  8.46  1.71  4.12  1.81  4.77  9.15  3.24  6.84  9.13  9.06  9.78  8.45  9.04  1.64  4.8  9.09  9.05  4.17  5.57  3.7  8.94  7.11  9.79  0.52  4.43  6.33  5.39  5.88  9.44  5.0  3.77  6.92  3.62  6.9  1.99  7.04  6.36  0.98  7.03  2.35  1.29  7.87  7.11  6.24  6.39  6.48  0.09  1.97  1.71  9.07  0.18  6.37  6.87  4.45  0.78  3.42  9.36  3.53  1.62  3.29  3.62  9.26  0.51  8.05  0.62  8.58
8.79  8.14  7.51  2.05  8.94  0.21  8.35  0.39  3.66  0.51  3.29  2.55  2.79  2.13  2.42  9.81  4.98  2.12  3.13  6.76  9.65  2.63  2.36  7.83  9.28  2.3  0.58  3.26  2.38  4.41  4.06  3.59  3.72  3.24  4.63  6.8  2.11  4.49  1.56  4.7  5.46  3.56  3.74  6.42  1.39  6.54  0.25  6.89  4.0  0.94  5.81  7.23  4.36  8.18  4.36  4.41  6.26  1.83  9.58  0.8  9.39  3.63  0.77  2.81  0.66  2.3  6.52  3.15  8.8  7.97  9.35  0.27  9.9  2.27  7.22  0.19  9.06  6.6  6.72  5.12  2.02  4.82  8.38  9.36  1.78  1.18  9.42  9.73  5.63  4.94  6.39  5.34  7.15  5.27  6.65  2.44  1.42  5.27  4.93  0.13
9.26  0.45  2.18  3.33  6.66  7.35  4.32  1.78  0.02  0.9  1.85  9.8  7.38  5.61  1.83  4.89  1.97  1.26  2.09  8.65  7.69  6.05  8.26  5.3  4.24  9.71  2.3  9.78  7.59  4.1  0.17  9.04  9.79  0.78  2.67  5.47  9.67  6.92  1.37  2.42  7.44  6.89  8.41  1.83  7.55  9.51  3.92  1.94  3.97  4.58  3.21  3.55  4.51  2.01  3.07  5.13  3.76  8.34  8.25  4.49  9.34  3.56  3.02  8.07  4.39  0.12  5.36  0.4  9.33  7.11  6.0  1.31  6.39  6.51  5.15  8.71  6.67  9.5  4.98  0.63  9.85  2.74  0.14  0.95  8.75  9.04  0.39  5.72  3.92  7.92  0.19  8.21  6.49  9.89  8.48  9.6  2.64  4.68  4.03  6.73
6.5  4.2  2.85  8.17  9.37  4.96  3.81  2.38  2.24  8.36  8.27  8.82  3.91  4.81  6.19  7.64  7.9  6.14  3.16  4.87  4.87  4.25  9.77  0.72  2.14  4.39  8.42  3.88  3.38  5.94  2.66  1.67  1.34  3.64  8.06  3.8  1.19  7.94  0.53  8.1  8.83  8.81  9.26  5.7  6.43  7.95  7.54  3.52  0.57  5.88  1.29  2.44  7.8  5.43  9.06  8.82  6.18  3.41  0.4  0.73  6.15  2.23  2.63  1.06  3.85  5.23  2.24  1.4  9.43  0.06  3.59  3.95  5.12  6.82  9.76  4.04  1.69  6.39  6.3  9.67  1.53  6.16  0.3  1.67  1.32  6.49  4.59  4.39  8.52  8.73  9.3  2.93  3.63  6.6  1.19  2.3  9.71  9.15  2.55  0.02
6.53  6.68  7.58  1.57  0.63  9.52  5.25  8.02  8.09  6.08  3.05  7.85  5.29  1.65  3.19  7.84  6.3  2.98  8.63  0.18  6.03  2.44  5.66  7.53  5.46  3.38  0.51  3.35  4.53  4.16  5.72  0.64  2.38  7.19  6.05  1.83  9.2  9.05  9.68  9.16  0.07  7.45  2.6  6.33  6.18  5.34  7.12  5.65  1.82  8.9  9.56  0.5  8.55  5.15  1.39  6.5  9.16  8.19  3.03  4.92  9.11  8.69  8.65  3.4  5.55  9.87  0.03  2.12  7.98  4.85  9.84  5.72  4.44  9.95  8.55  9.89  6.76  1.68  5.72  2.82  3.47  6.22  1.33  4.07  5.78  9.69  5.98  2.77  6.6  4.48  5.23  0.9  8.66  9.09  3.66  3.25  0.16  9.22  6.61  1.48
0.51  0.52  5.19  0.17  9.68  1.76  3.7  1.49  9.99  7.43  5.99  1.17  1.75  1.26  1.59  3.4  5.49  0.02  1.39  0.02  9.54  9.17  0.47  6.87  3.02  3.14  1.49  1.11  5.52  2.29  1.41  1.62  3.35  4.53  1.13  4.03  4.87  3.24  7.13  2.45  4.19  4.61  0.26  9.09  3.95  6.25  2.55  7.9  1.17  6.8  6.22  4.87  7.18  5.57  9.33  3.77  6.66  1.21  5.95  0.07  8.6  5.97  7.14  0.58  5.1  1.81  1.04  2.48  5.07  8.87  0.85  3.65  7.35  5.71  4.71  4.55  8.03  9.35  6.24  0.66  8.24  9.01  7.71  3.2  1.93  2.43  9.31  0.62  9.47  8.3  4.67  6.69  7.44  8.08  7.62  3.56  0.89  8.84  8.4  9.79
6.99  4.52  4.74  1.24  6.89  0.1  6.47  4.35  1.95  1.09  4.86  2.88  3.45  8.95  1.99  1.98  3.0  0.47  4.48  0.33  0.94  4.7  3.59  4.1  5.63  1.18  9.18  0.36  3.35  0.8  1.39  8.16  0.76  7.0  7.7  8.07  9.51  10.0  0.85  1.07  2.53  3.99  6.87  1.69  0.83  4.69  3.91  0.56  3.98  4.71  9.89  3.36  4.29  5.49  2.7  6.37  9.32  0.1  6.02  1.84  2.8  4.98  7.12  3.68  7.2  8.81  2.27  1.42  8.86  6.57  7.45  3.79  7.76  4.58  4.97  1.27  3.46  5.19  0.57  0.55  1.12  4.56  3.62  0.43  3.06  3.11  0.82  8.32  9.01  2.69  4.33  4.07  8.3  7.11  1.07  9.51  1.0  4.29  9.19  4.34
8.88  9.44  0.76  9.99  9.31  5.45  9.61  2.64  7.02  1.1  4.43  0.78  8.14  9.58  4.02  2.31  2.04  3.17  8.96  0.45  8.19  4.26  9.64  2.09  3.42  1.54  5.59  0.32  4.8  8.75  6.92  6.61  1.66  5.48  7.24  0.14  0.12  2.94  8.9  8.0  8.58  8.26  4.18  6.36  9.2  9.36  9.08  3.43  0.61  9.33  5.42  5.05  0.8  2.93  8.53  2.8  3.42  8.24  8.45  9.26  7.46  7.94  4.17  0.52  3.98  7.14  9.11  7.88  4.73  0.81  0.4  3.06  6.16  1.91  3.34  3.34  8.26  5.35  8.11  4.0  9.09  0.82  9.44  1.66  9.17  4.47  1.58  0.37  4.82  5.42  9.09  9.97  1.37  8.29  3.07  4.01  1.5  7.9  8.34  6.71
7.8  8.72  4.59  8.29  3.63  7.26  2.26  9.84  9.11  7.91  7.64  8.5  6.54  3.32  0.9  3.7  4.77  8.1  7.29  3.75  6.49  4.66  4.94  0.98  5.74  6.47  9.31  8.36  2.87  5.51  3.05  3.03  8.8  6.41  7.87  9.43  9.6  2.11  8.23  8.43  5.57  7.77  2.51  6.78  5.09  3.02  2.33  9.75  0.03  2.31  4.66  5.12  7.34  1.54  1.07  1.0  0.95  9.13  2.11  0.51  5.47  6.28  4.72  3.34  1.06  5.22  8.46  4.73  2.47  9.0  7.57  9.4  4.65  6.37  9.98  4.71  5.74  8.67  1.04  4.31  3.15  9.42  8.18  7.09  1.37  0.93  9.0  1.53  4.96  9.1  3.6  0.05  8.96  2.5  7.68  6.19  7.82  2.26  7.67  0.98
0.3  1.9  2.4  3.23  5.04  3.53  3.82  9.92  7.67  0.33  9.74  9.67  3.7  6.98  7.77  6.81  1.21  5.31  3.86  6.73  7.55  5.53  3.63  2.73  6.05  5.15  4.48  1.32  0.81  4.06  8.79  0.27  1.64  0.97  6.9  3.39  3.64  7.18  4.14  1.09  4.99  5.8  0.65  9.17  6.62  4.04  6.57  0.13  0.96  6.69  7.8  6.82  3.94  4.16  0.94  2.42  8.48  4.9  9.65  8.58  8.19  5.05  2.33  6.11  3.8  4.04  8.42  3.63  7.1  9.65  7.52  8.07  4.14  6.75  7.74  7.71  1.52  6.61  8.39  8.91  5.58  8.96  1.61  6.04  6.85  9.86  2.57  7.74  0.66  0.44  7.39  8.06  6.3  7.98  4.13  1.09  4.45  9.88  2.15  9.96
0.88  7.35  1.4  3.41  3.63  8.91  1.07  8.72  1.13  6.42  3.25  6.89  2.45  8.55  6.95  8.53  5.14  3.55  7.69  1.27  6.98  7.55  9.3  1.65  0.02  3.97  2.03  1.75  3.75  6.99  9.29  9.31  3.2  2.79  8.94  9.35  8.84  6.69  5.13  4.04  0.39  1.86  2.51  5.39  7.54  0.39  5.16  1.44  2.24  5.23  1.94  7.3  1.01  1.33  3.38  5.35  2.1  2.28  4.32  9.69  3.59  2.53  9.69  5.8  0.49  3.57  7.19  1.05  8.93  6.07  7.66  3.61  9.55  9.44  2.96  0.38  2.46  5.02  0.65  9.36  3.06  3.57  5.63  9.15  0.71  6.93  4.32  3.43  4.98  8.17  8.74  2.83  5.15  0.41  8.22  6.66  3.52  7.16  4.95  2.02
3.0  7.45  2.2  8.34  0.36  0.41  9.24  4.41  8.09  6.81  2.47  8.27  9.19  1.35  2.0  5.19  8.01  3.53  4.22  7.1  0.63  8.99  1.88  7.73  8.84  6.18  3.17  7.73  7.38  9.95  9.27  4.5  9.44  3.83  5.14  4.31  6.68  6.58  7.9  3.2  3.62  0.44  3.91  5.28  8.58  5.57  8.13  0.38  0.86  7.64  8.73  6.67  7.81  0.2  3.5  2.87  9.05  7.66  2.51  8.86  4.94  9.48  7.98  5.2  4.88  9.84  8.25  5.96  3.62  5.62  7.62  1.45  4.05  0.32  1.37  1.17  8.14  8.37  6.5  7.12  7.12  8.37  1.37  2.04  1.02  5.15  8.73  7.68  6.41  3.88  3.38  1.3  5.34  2.0  1.86  0.05  9.97  9.88  8.38  9.77
8.36  2.88  1.78  6.78  8.86  7.91  7.66  7.61  2.26  2.42  9.41  2.68  7.26  5.72  7.41  6.49  2.47  5.35  8.4  0.46  4.56  4.39  5.76  2.64  0.64  6.07  4.0  2.57  7.7  4.42  0.58  9.01  2.87  3.15  2.21  6.19  1.57  6.73  0.47  6.36  9.35  2.22  8.36  2.58  0.12  2.38  5.63  9.26  1.18  8.6  8.2  5.03  4.77  9.69  0.24  8.04  8.81  2.42  4.76  0.44  2.22  2.82  3.41  4.95  0.54  9.39  7.21  1.85  8.01  1.31  7.93  9.01  2.78  5.68  8.26  3.19  5.5  7.83  4.7  3.85  2.68  3.06  8.67  9.43  3.48  5.06  7.48  9.25  8.07  9.31  1.71  1.1  3.58  3.42  6.52  5.39  9.39  7.27  4.68  7.58
4.94  9.54  1.17  0.57  6.93  6.92  7.72  3.55  6.83  1.14  6.45  6.32  4.64  5.48  9.47  2.99  4.9  1.39  7.44  1.94  4.2  8.62  3.38  5.13  8.17  8.24  7.54  2.76  8.99  8.0  5.89  0.74  6.39  0.03  8.65  3.17  9.11  5.84  0.82  0.2  2.7  5.13  9.23  9.02  2.25  8.59  5.0  1.65  6.85  1.21  7.51  3.81  8.7  2.54  2.28  0.8  6.97  9.59  4.99  2.51  2.19  2.71  3.41  3.14  3.14  4.31  0.92  9.28  3.31  5.76  3.11  8.15  5.11  3.91  2.46  5.26  2.87  2.09  4.58  8.54  1.73  8.45  1.8  1.48  5.75  3.8  9.86  7.95  7.94  2.38  1.16  7.86  9.45  3.71  5.04  1.62  7.54  3.21  5.86  5.68
4.38  4.17  0.95  1.68  2.01  8.02  4.22  0.15  4.94  9.79  7.43  8.3  8.6  6.89  5.52  0.76  3.75  4.95  2.21  5.02  6.24  9.16  3.53  3.34  9.05  6.9  4.14  0.28  1.55  2.65  9.8  6.9  2.83  1.56  2.29  5.19  0.85  0.69  4.43  1.71  0.43  7.16  5.23  2.37  0.49  1.29  6.99  2.33  9.45  2.19  3.55  6.23  5.36  8.79  0.78  6.6  2.94  7.8  4.16  0.73  4.29  6.2  6.13  8.51  0.48  2.72  5.65  1.77  2.33  7.76  2.02  8.95  1.79  7.39  0.61  1.18  7.65  2.28  8.11  6.61  5.47  0.9  5.67  0.15  2.01  5.45  9.1  6.34  9.5  5.27  0.93  1.7  9.45  9.32  9.0  3.87  9.87  8.3  4.83  2.63
9.27  5.3  7.69  2.98  6.91  5.0  7.36  6.83  6.27  0.88  9.35  6.4  2.86  8.95  5.8  8.22  2.27  5.07  3.87  0.94  4.28  1.45  8.77  8.74  0.75  2.25  9.47  3.82  4.04  3.22  6.67  5.56  7.01  0.19  7.1  9.86  5.86  3.83  9.24  1.39  2.16  1.22  4.54  2.57  0.19  4.15  2.32  7.07  4.28  5.94  6.56  7.13  3.7  3.93  6.92  3.12  0.85  4.63  2.44  3.62  1.28  2.13  5.1  3.23  5.4  4.97  6.69  4.27  6.5  3.92  7.71  9.8  1.35  2.93  4.34  4.64  7.85  0.31  1.9  5.41  4.9  0.66  6.55  5.39  5.57  4.76  1.36  2.17  9.29  2.0  4.15  7.72  8.97  6.93  9.74  4.92  2.63  6.31  4.09  8.64
1.99  9.4  8.81  9.47  2.45  0.45  6.08  6.13  6.97  4.03  0.12  7.34  6.64  0.2  6.01  2.05  3.25  2.93  3.58  2.68  9.81  9.86  4.82  7.71  0.49  3.53  2.97  9.79  1.18  1.83  3.64  8.3  4.13  9.92  0.72  9.26  2.44  2.35  6.47  9.7  1.32  3.63  8.71  2.43  6.5  3.89  4.21  0.09  7.76  9.78  7.0  5.47  2.09  4.87  9.35  3.64  2.56  8.06  0.32  3.19  9.17  5.48  5.18  5.02  9.39  7.7  1.16  3.77  1.17  0.68  5.01  6.22  8.14  3.26  1.22  2.92  4.62  1.48  5.83  2.59  9.62  8.1  1.97  7.5  4.38  2.37  7.54  7.77  1.88  7.4  5.88  9.08  1.74  7.89  9.7  9.12  8.49  3.22  7.03  1.35
5.22  0.07  3.27  6.48  7.82  4.12  0.79  0.79  1.5  6.15  7.09  2.86  5.51  0.85  5.26  8.08  2.92  5.68  1.88  7.94  5.28  1.64  9.24  5.6  6.06  8.41  5.63  8.81  2.24  5.6  8.6  7.83  4.72  5.73  8.54  5.28  2.48  0.45  4.81  7.48  0.36  7.76  4.89  5.87  6.47  1.43  2.73  3.79  0.98  3.4  1.27  4.32  5.21  6.57  0.04  9.08  3.67  8.23  6.92  5.31  2.68  5.82  3.07  6.55  3.99  6.97  9.26  7.11  3.76  2.87  3.07  3.41  6.96  0.73  0.94  3.31  8.41  8.01  3.54  3.17  0.65  1.7  3.18  3.5  6.97  2.4  4.38  1.99  7.48  8.61  0.05  0.53  2.93  6.09  3.63  0.14  4.07  3.21  7.66  2.59
2.9  1.56  7.46  3.38  6.45  4.09  2.11  3.94  0.01  1.78  9.77  9.23  5.27  4.61  0.35  0.45  5.23  3.53  5.06  0.56  4.74  3.95  5.64  5.92  8.02  5.62  1.49  8.54  4.22  0.58  5.66  7.19  6.26  6.29  3.84  6.73  6.82  5.52  5.47  4.38  0.27  3.72  1.74  9.11  7.46  6.75  0.01  2.5  5.7  2.03  6.45  6.57  7.96  5.32  5.19  2.36  0.98  7.93  6.78  1.27  5.75  4.43  4.52  0.79  5.69  9.34  8.54  7.8  9.62  9.45  7.15  9.0  4.11  1.8  1.63  9.39  7.28  0.7  4.86  9.17  4.01  9.75  3.75  4.07  7.36  8.79  1.53  1.81  8.26  5.55  3.68  6.92  5.95  0.73  4.32  4.57  1.31  9.85  2.71  9.98
9.27  8.47  5.49  8.41  1.58  3.37  9.57  5.79  0.25  0.83  5.8  3.81  6.53  6.44  1.51  2.09  9.18  2.4  4.66  4.66  7.84  2.57  1.39  6.92  2.87  9.3  7.42  2.85  4.07  2.5  6.75  5.21  5.22  4.39  4.66  4.52  2.14  9.39  9.08  5.21  3.63  6.26  5.26  3.18  2.72  3.06  1.73  2.81  0.98  2.59  0.06  1.27  4.68  0.75  2.27  9.97  5.14  1.44  1.16  5.61  7.44  3.24  2.51  7.45  1.57  0.22  8.69  5.19  5.2  6.09  8.08  1.98  1.82  3.78  6.05  0.42  8.49  0.9  5.82  7.73  6.39  8.78  6.74  6.12  9.42  2.18  8.55  2.29  5.29  4.43  2.06  3.12  9.79  5.45  2.81  1.76  7.59  6.5  3.95  2.56
4.73  4.99  8.54  2.45  6.09  9.13  1.74  9.71  6.83  2.86  5.49  9.24  7.55  2.25  9.56  3.64  6.68  5.43  5.22  6.01  1.01  7.21  8.41  6.79  2.14  0.89  0.06  5.11  2.71  9.18  9.65  5.21  3.6  5.43  0.37  7.49  4.87  8.11  9.32  9.28  7.84  0.87  6.6  8.88  1.37  5.66  1.24  5.92  5.51  2.29  0.76  6.87  8.29  9.39  3.09  9.78  8.12  1.92  9.7  4.74  5.34  3.5  6.77  9.5  9.22  5.4  3.19  0.33  1.96  9.99  9.08  3.57  9.15  4.43  1.78  4.27  0.65  9.3  2.44  9.48  5.98  5.04  9.3  2.99  9.02  6.79  4.3  0.62  5.01  6.5  1.17  9.2  0.76  4.11  3.24  9.93  2.0  2.17  9.94  2.43
2.91  5.59  2.8  5.16  6.2  8.59  9.0  1.18  6.58  6.31  7.12  8.29  9.67  9.15  9.15  0.02  4.22  9.65  8.66  1.35  8.69  1.77  0.93  6.46  1.93  1.98  9.17  4.77  2.08  6.23  8.78  2.11  3.26  1.71  2.78  4.5  4.77  2.08  0.43  7.99  0.63  1.88  9.01  7.95  5.01  4.72  4.88  2.66  0.51  0.86  5.98  3.78  1.83  5.01  6.31  8.34  8.89  4.18  1.1  0.95  0.38  0.94  8.82  9.33  6.54  2.58  1.72  8.25  1.94  0.39  2.27  2.0  0.78  2.63  2.38  4.99  9.98  9.31  7.82  2.42  1.07  3.08  7.83  7.92  5.93  3.07  6.47  9.63  5.08  1.33  9.07  8.91  6.46  7.79  0.14  5.06  5.87  9.71  5.5  7.31
0.27  8.46  4.61  2.67  8.91  4.12  3.62  6.79  5.84  1.77  5.55  1.46  6.17  3.61  7.35  6.96  6.57  4.77  6.65  1.06  9.85  5.96  3.86  4.8  1.2  8.88  4.53  2.63  2.44  7.29  1.15  9.48  4.4  3.63  4.47  4.62  1.2  0.08  6.42  3.7  0.87  3.85  8.0  2.11  2.51  9.21  3.42  8.02  5.39  7.1  3.85  0.83  2.49  6.97  5.86  7.11  1.7  5.05  2.31  9.67  0.86  3.6  0.97  2.21  1.26  8.79  7.05  4.65  7.73  2.76  1.4  0.92  9.35  9.59  1.62  7.14  3.98  1.54  6.89  7.72  4.79  0.17  7.09  7.63  7.45  6.77  9.79  3.34  9.22  6.13  1.2  8.98  4.84  3.1  6.0  2.29  2.9  0.83  4.97  7.95
2.25  0.71  9.8  6.99  0.0  1.91  2.25  5.9  0.86  0.44  5.2  8.32  2.72  5.83  8.85  5.26  1.35  4.43  0.51  1.79  5.16  5.27  8.07  3.83  1.13  3.58  9.4  0.88  1.91  1.9  7.35  0.11  9.0  4.52  6.5  0.99  2.23  2.99  8.07  7.06  6.12  6.69  8.99  5.44  1.46  6.43  6.07  4.86  4.17  1.12  7.92  5.44  2.53  7.89  5.55  7.37  0.16  8.48  2.8  2.39  3.04  5.76  7.27  7.54  6.28  1.17  6.21  9.17  6.05  8.58  4.05  2.19  1.19  5.75  9.18  1.48  2.37  7.06  6.47  6.37  3.32  9.82  3.69  9.36  3.17  6.69  9.47  5.29  0.87  0.55  9.4  0.83  2.75  9.69  9.87  6.73  1.48  2.45  8.12  2.4
4.45  8.32  8.73  0.14  0.84  6.0  1.57  6.12  2.86  8.29  7.46  9.32  3.11  6.03  4.46  7.9  8.49  7.46  1.72  0.15  6.9  9.68  6.48  3.85  6.95  4.14  0.95  1.6  9.01  2.37  5.54  8.75  1.36  8.1  0.46  1.99  1.58  9.83  1.43  4.68  8.54  0.82  2.62  0.91  5.74  1.0  3.54  6.31  4.31  6.93  2.04  6.62  5.54  2.23  0.26  3.73  1.01  8.62  0.31  8.54  7.83  6.81  9.59  4.09  7.89  0.09  5.92  9.38  4.99  5.73  5.71  1.58  6.07  6.91  6.14  9.92  1.53  7.71  8.22  9.79  8.61  0.92  0.08  4.43  6.94  1.32  1.14  8.88  1.22  8.42  7.53  7.54  6.51  7.2  6.99  7.67  0.91  2.81  0.1  7.87
3.72  2.82  7.07  4.82  0.73  0.58  6.57  8.68  9.32  7.71  7.14  3.73  6.11  2.75  1.36  5.55  3.11  8.64  3.69  5.08  5.24  6.06  1.03  8.01  3.93  4.57  0.25  2.45  3.59  9.21  7.37  9.5  3.3  8.86  1.65  3.21  2.87  0.52  2.07  7.57  9.99  5.25  1.43  7.55  4.13  0.18  8.24  9.75  3.72  6.13  3.28  6.12  3.65  9.35  9.19  3.0  0.06  7.51  8.31  1.02  9.97  8.71  3.68  0.77  2.6  9.77  1.63  1.58  1.93  1.77  1.5  4.81  3.42  6.14  4.99  2.61  4.26  9.66  4.8  0.63  1.4  6.6  1.6  4.25  8.68  5.18  7.39  3.9  4.32  0.08  1.8  4.25  7.03  9.62  8.55  3.9  2.28  4.55  6.69  5.06
2.24  9.41  2.5  1.7  0.27  2.29  6.97  9.46  5.74  8.18  3.7  9.02  5.56  6.06  2.4  4.69  5.34  9.03  1.82  2.86  4.01  0.58  0.05  0.2  6.66  9.61  4.95  6.19  2.86  7.24  6.72  0.84  5.17  5.22  6.0  6.26  8.66  6.32  4.0  6.08  9.38  5.19  5.87  5.91  1.55  9.51  5.87  5.45  8.59  6.12  4.34  8.79  5.48  9.15  7.43  5.01  7.43  7.48  9.49  8.62  7.31  1.0  7.8  1.56  8.28  9.22  0.04  0.59  5.1  1.86  9.58  8.24  1.09  6.95  9.59  8.62  1.43  3.59  1.87  7.81  2.57  0.83  9.08  9.59  4.23  6.06  9.48  7.74  4.2  8.64  3.36  5.84  7.82  8.12  1.26  3.32  7.01  6.29  7.2  2.75
3.72  2.38  3.12  2.67  7.54  8.66  0.72  7.76  2.96  8.82  0.2  5.95  7.85  9.18  2.92  0.36  2.96  0.16  5.44  3.85  9.21  2.17  8.47  0.6  1.76  5.14  0.19  0.94  5.16  9.17  7.66  9.66  5.85  4.19  4.71  3.65  8.34  8.75  7.23  3.71  9.81  0.28  1.79  7.96  4.82  7.61  1.56  4.64  7.31  4.16  2.27  7.16  6.87  5.52  6.28  1.85  8.55  1.55  7.39  7.16  3.17  3.24  7.11  5.33  3.58  9.75  6.44  0.51  3.06  5.23  8.73  7.75  8.96  1.88  3.24  7.25  2.99  8.93  7.98  9.75  5.61  2.25  8.06  7.66  3.48  0.5  3.38  0.77  9.39  5.53  7.11  2.07  8.29  1.57  9.13  2.08  1.56  9.01  5.72  7.38
5.21  7.11  6.02  1.85  7.02  3.67  8.79  0.17  1.72  8.37  0.79  5.69  9.52  7.66  3.98  5.17  8.08  5.9  8.12  2.29  4.26  5.4  5.36  7.54  7.38  9.19  1.52  5.25  1.45  4.04  3.85  3.97  9.1  0.4  8.56  2.25  1.94  3.34  0.45  2.86  8.15  1.46  3.81  7.34  8.82  1.4  7.85  1.96  3.85  2.08  3.94  8.14  5.42  7.73  0.4  7.65  6.08  2.66  5.88  1.07  6.96  3.29  2.17  1.65  1.48  0.13  1.63  1.09  2.01  1.33  3.94  5.64  3.07  2.05  5.45  3.27  9.56  8.18  6.5  4.9  9.96  0.61  4.11  9.35  7.57  4.33  5.25  1.76  6.48  9.74  5.34  9.75  0.89  5.31  5.62  9.28  0.55  0.43  2.62  9.4
3.95  0.93  2.75  5.78  0.05  7.14  7.65  4.36  8.87  1.05  0.78  2.78  1.47  8.68  0.94  0.24  9.13  4.47  7.35  7.28  2.78  7.08  3.39  2.89  3.36  0.59  8.66  0.72  9.9  7.05  9.76  1.91  4.36  4.39  0.17  3.4  1.46  8.05  5.18  0.85  8.64  6.9  6.95  9.78  0.54  2.05  9.42  4.93  9.3  2.7  5.44  3.98  9.55  8.82  9.71  8.43  3.08  6.84  1.44  2.39  0.77  7.39  0.08  3.58  7.5  8.61  3.12  7.19  5.03  9.61  5.76  5.31  8.24  4.55  7.56  1.17  0.51  5.1  5.63  5.41  7.64  8.07  3.64  2.37  4.11  9.9  9.54  7.63  3.22  2.96  6.48  4.06  5.64  0.57  1.42  0.71  1.42  6.62  6.65  7.85
6.79  4.51  7.61  0.34  3.3  3.44  5.93  2.65  4.84  6.44  6.69  5.32  0.94  7.43  2.51  2.5  0.85  6.38  8.47  9.43  4.85  1.65  1.3  8.31  8.33  5.24  2.71  1.56  3.23  7.45  4.11  3.97  9.22  1.92  6.43  8.13  4.89  7.09  7.8  1.7  6.55  1.84  8.1  1.99  6.15  1.1  8.89  6.97  3.46  6.98  5.91  7.57  5.8  9.87  6.21  2.58  8.89  6.38  5.07  8.58  2.37  5.1  8.7  8.25  6.24  1.81  8.77  8.14  8.2  2.29  1.03  4.53  0.74  5.0  8.86  1.11  4.95  5.9  5.95  1.09  5.82  4.37  8.36  3.7  0.75  7.22  3.87  3.74  8.19  9.3  9.81  1.94  2.75  5.58  9.56  1.42  4.22  9.58  6.07  2.13
7.27  4.89  7.92  4.31  6.53  0.32  6.78  4.36  4.31  9.62  9.0  0.67  0.15  8.89  7.29  4.46  0.58  1.81  2.69  4.3  1.44  9.12  2.34  4.62  5.03  9.89  5.61  9.67  1.51  0.17  1.81  4.59  7.16  6.84  9.35  7.78  1.1  8.73  1.76  8.17  6.66  2.13  6.59  7.42  7.37  2.52  9.55  4.35  5.83  1.81  6.15  4.02  9.6  9.16  8.27  7.74  0.97  1.12  7.62  8.02  3.47  1.32  6.0  9.51  3.35  3.86  7.48  2.04  1.97  5.1  5.17  6.0  3.78  6.84  3.77  3.91  5.8  4.44  0.06  8.08  2.28  3.41  8.43  3.35  3.79  9.63  1.4  9.97  6.55  4.26  8.92  9.02  8.78  8.29  3.01  3.62  7.72  8.88  9.54  2.24
1.39  9.38  4.99  5.2  0.48  3.69  2.55  6.55  0.46  4.15  9.0  3.66  6.65  2.13  9.17  5.32  9.57  5.16  2.77  9.02  5.34  0.11  2.91  1.17  3.05  5.82  0.99  6.69  2.5  7.31  0.15  0.44  0.82  0.34  3.75  3.85  5.58  4.47  4.62  9.54  9.33  6.82  7.4  7.46  5.04  5.11  2.29  3.14  4.12  1.96  8.93  3.73  6.03  3.01  2.92  8.9  1.86  1.06  6.82  8.76  1.54  3.48  0.14  4.36  0.21  3.69  5.75  4.87  7.86  2.31  8.29  2.7  5.76  7.55  9.5  8.62  3.8  3.64  0.69  9.81  5.38  2.78  6.31  5.17  9.58  0.54  5.58  7.07  3.24  5.63  4.94  3.79  4.11  4.24  6.36  1.43  4.02  0.36  0.05  3.98
9.38  1.61  3.61  2.0  9.81  2.04  2.81  0.12  8.19  8.26  0.66  7.27  1.44  2.59  9.66  6.27  4.95  9.5  4.76  0.33  4.87  1.38  9.64  9.06  4.25  2.14  5.38  0.44  6.65  1.87  7.24  4.99  4.53  6.94  6.39  5.01  7.38  1.68  7.94  8.62  5.23  6.29  1.71  8.1  8.76  9.32  3.74  6.21  8.59  8.81  9.22  0.28  3.37  9.56  1.1  2.61  8.91  1.03  2.39  9.83  5.75  3.72  6.2  7.85  5.58  7.65  8.34  9.59  2.74  9.44  1.67  7.45  9.63  1.99  0.13  3.15  0.65  1.89  1.68  9.3  0.03  9.68  5.88  5.74  8.26  4.47  0.44  0.9  1.2  6.65  7.38  7.02  1.6  1.8  8.2  3.82  8.55  2.26  3.93  7.49
8.71  2.3  5.37  5.44  6.98  6.65  9.35  5.44  6.15  9.99  7.23  7.69  9.9  3.45  1.98  7.24  9.41  0.46  4.63  5.52  7.71  4.62  1.2  8.0  3.35  2.35  9.53  3.79  4.43  8.26  0.57  4.43  7.31  0.67  5.25  5.49  5.72  3.35  1.14  6.13  2.44  2.8  8.56  3.44  1.1  1.87  1.82  3.39  4.3  5.61  3.0  5.21  2.52  8.14  7.75  7.62  4.58  2.4  2.8  1.42  5.38  9.3  3.94  7.15  9.62  1.62  9.99  4.98  1.09  9.98  4.9  3.55  6.46  8.0  4.46  5.48  7.1  6.36  0.51  1.94  6.12  2.55  1.36  5.88  8.0  1.09  4.13  8.91  4.63  7.6  6.91  1.12  0.35  7.86  0.94  6.48  0.39  5.46  1.43  7.36
1.91  6.38  3.59  9.18  1.9  9.12  4.28  5.11  2.95  0.19  0.17  6.25  5.05  4.21  9.17  5.63  8.49  8.08  4.85  6.26  2.6  5.87  0.11  4.59  7.37  8.84  6.4  6.14  2.98  5.55  0.47  4.28  0.64  0.1  6.12  8.84  8.07  0.3  2.14  6.44  4.89  2.23  6.84  7.1  1.94  6.2  1.06  9.78  4.41  9.48  7.55  1.24  4.2  4.04  5.51  5.9  0.38  0.5  0.23  7.13  6.91  5.04  5.4  9.4  6.19  9.92  5.0  4.48  1.59  5.91  9.81  2.97  0.65  5.7  1.22  8.87  0.1  1.24  9.71  0.41  3.11  6.53  8.67  9.7  0.1  1.87  0.51  5.57  0.98  5.66  8.62  5.22  7.82  1.4  2.67  3.57  1.86  6.98  1.35  7.8
0.14  7.9  2.39  3.52  8.86  1.16  8.56  5.29  0.72  7.29  8.6  6.47  7.38  1.64  1.67  7.8  8.61  1.98  0.99  2.02  2.65  1.24  8.91  3.87  5.18  9.36  8.28  0.66  6.32  6.73  6.42  4.82  3.54  4.65  1.31  4.77  8.08  0.73  7.83  9.33  3.77  5.78  1.25  2.87  4.72  4.76  7.78  6.26  0.13  2.21  1.35  1.13  1.58  7.86  3.73  7.2  3.29  0.31  8.73  0.0  8.5  6.08  1.24  0.34  1.75  3.49  0.14  1.81  7.9  1.76  7.73  5.63  8.2  9.8  5.09  4.53  3.08  9.63  0.59  4.05  9.96  1.02  9.17  3.0  5.08  4.43  3.53  0.3  9.17  2.66  0.27  0.73  7.73  2.07  3.61  1.27  2.68  4.08  9.04  9.09
1.01  0.44  7.27  2.08  4.53  6.63  0.86  7.42  6.23  0.0  6.07  0.77  9.65  0.94  6.86  5.06  6.76  9.68  5.05  6.11  3.43  3.2  1.28  4.59  3.01  4.85  0.2  9.52  1.85  3.71  6.62  0.81  0.27  1.75  0.07  8.93  4.06  8.16  0.78  3.4  3.79  8.42  6.91  2.75  2.85  2.01  5.88  5.97  0.04  1.37  4.03  7.15  0.48  5.09  8.01  9.77  1.68  2.03  0.93  9.1  1.21  3.24  0.58  5.65  5.86  1.38  5.97  7.3  2.3  0.21  2.96  9.36  0.16  4.61  6.34  6.15  8.52  1.64  7.5  4.78  9.19  3.76  1.51  4.75  4.5  1.53  7.68  1.08  4.72  9.32  1.26  7.03  7.66  6.18  9.34  5.09  9.96  4.63  1.01  0.19
0.03  3.68  4.02  2.89  1.95  6.02  4.11  8.19  5.14  6.7  5.63  9.66  1.55  2.41  9.14  5.66  3.92  4.0  0.82  2.08  0.53  9.7  9.0  0.83  7.65  9.77  8.52  1.9  4.88  4.32  2.03  5.25  4.06  0.91  1.04  5.43  7.38  8.55  1.42  0.48  5.48  1.84  4.98  0.15  3.69  3.15  2.08  0.96  1.03  8.7  9.41  9.51  4.1  4.53  4.83  1.41  1.64  7.49  1.85  9.02  3.92  3.54  6.81  2.31  1.55  6.73  1.76  6.4  7.63  3.7  3.12  1.22  4.06  4.0  4.94  4.97  6.06  1.3  4.94  1.97  2.97  4.84  3.29  2.79  1.05  0.33  8.36  6.39  0.52  3.52  2.1  2.07  0.57  8.33  5.15  6.27  0.93  5.87  3.22  3.61
8.16  9.8  3.98  5.52  8.27  7.29  7.59  6.99  0.42  8.22  0.2  8.66  5.61  9.89  9.83  6.65  8.31  7.41  6.06  0.13  0.54  1.71  1.43  1.52  2.96  1.21  5.06  9.6  2.52  7.84  2.9  7.22  4.11  0.16  7.01  4.76  5.77  3.63  6.79  8.25  2.05  4.48  6.89  1.53  7.96  3.06  5.95  5.76  8.27  0.35  2.42  1.27  0.83  1.72  8.31  0.5  5.23  3.28  5.37  1.75  0.6  2.57  5.27  9.31  3.64  5.33  0.61  6.69  3.58  9.49  1.36  8.74  2.81  7.87  3.06  7.05  0.49  1.4  3.68  1.14  2.98  2.16  4.11  6.32  1.59  6.46  4.03  9.77  9.91  2.42  0.08  2.5  0.32  6.15  6.45  5.08  9.45  6.39  5.15  7.86
4.44  7.58  2.03  0.38  7.99  8.69  4.02  6.45  4.35  4.33  7.97  9.76  5.84  4.08  6.43  3.73  3.1  5.4  8.58  3.85  5.43  9.15  3.76  0.42  5.44  5.45  1.34  3.99  3.9  4.34  4.62  2.88  4.01  6.67  5.25  8.96  6.62  3.93  0.02  2.26  4.98  5.9  0.06  8.11  5.17  0.78  1.78  3.79  2.5  5.52  8.76  0.19  1.35  1.13  5.42  7.97  0.99  8.72  0.2  1.94  6.88  9.14  2.07  2.97  2.61  2.91  3.31  9.21  4.97  6.84  8.74  8.55  0.85  7.82  8.8  8.37  2.74  4.24  9.97  4.74  8.24  8.94  4.05  5.65  5.16  3.1  3.2  8.59  5.33  2.92  9.17  4.07  9.8  2.55  1.74  9.18  5.34  3.13  3.57  4.22
6.84  3.32  1.38  4.92  8.7  1.99  9.81  0.96  8.41  4.65  4.97  2.25  0.96  7.8  3.09  9.41  4.01  2.38  5.68  3.76  7.34  9.1  1.7  5.41  1.86  3.91  9.66  2.33  3.98  3.4  3.09  5.62  0.36  6.5  3.49  5.38  0.75  9.38  6.54  2.0  9.19  2.19  6.79  0.81  7.22  6.37  2.76  5.23  9.84  9.88  5.47  3.1  1.7  5.75  0.82  2.92  6.27  6.24  0.7  6.68  8.72  9.15  6.83  2.38  3.0  3.3  2.75  1.0  4.88  9.68  1.98  9.85  3.81  3.55  9.24  2.31  7.07  1.84  2.21  5.2  0.95  5.23  4.93  1.98  3.59  3.28  5.03  2.55  5.19  1.85  7.75  0.19  3.39  5.0  6.01  9.64  9.31  7.26  6.45  0.68
2.47  0.02  5.8  5.77  9.32  7.81  6.13  1.89  2.03  9.74  5.26  0.69  1.44  7.91  1.3  4.69  3.69  1.88  4.7  7.3  4.13  6.15  0.15  7.63  7.19  7.42  9.82  7.07  6.16  8.15  8.36  7.84  3.93  4.78  1.14  1.02  0.88  6.54  5.05  5.62  7.37  8.42  6.13  1.84  9.14  6.49  4.76  1.01  4.89  2.6  0.07  4.77  6.21  1.06  7.55  1.4  3.25  4.72  6.78  9.25  6.74  2.95  7.89  3.05  2.32  6.62  3.14  4.49  5.33  7.65  5.6  9.14  4.56  5.23  1.14  1.54  1.62  4.96  2.9  3.9  7.54  5.5  8.6  6.15  1.29  8.81  6.34  7.7  4.75  2.09  3.46  3.03  3.75  6.43  8.14  3.14  0.13  3.79  3.67  9.26
7.31  4.63  9.6  5.1  7.79  6.09  5.82  3.66  4.22  1.79  2.5  8.65  1.98  8.86  6.17  7.8  6.94  3.64  2.87  0.43  7.87  9.98  3.07  8.08  3.1  5.71  4.27  1.07  1.05  7.46  7.88  7.17  8.16  5.49  9.61  0.11  1.83  6.95  6.91  1.23  5.37  3.03  7.24  4.25  6.43  3.02  2.19  2.75  8.64  3.5  1.24  9.92  3.59  7.23  3.66  8.43  0.43  3.71  9.93  1.18  6.93  6.97  5.94  5.96  7.84  2.59  1.65  7.1  5.63  2.82  2.79  3.49  9.55  7.28  5.97  2.8  9.15  5.9  7.41  3.36  3.37  2.5  1.11  1.61  3.07  5.22  2.9  7.88  8.91  5.44  9.66  3.13  4.2  8.96  5.03  5.94  2.22  7.6  3.38  5.88
4.61  1.62  6.47  3.11  0.91  2.94  0.67  5.64  4.87  7.04  4.9  8.36  2.14  4.74  5.52  8.85  9.16  4.35  1.38  7.43  5.93  5.27  0.13  8.52  0.46  3.63  5.88  6.07  9.54  0.45  5.86  0.77  9.52  9.58  0.15  5.65  2.39  3.5  9.04  9.83  9.08  8.09  9.36  3.02  1.42  1.24  4.16  0.54  5.06  9.16  7.66  0.27  0.66  1.82  9.19  3.27  6.93  8.61  5.66  6.9  9.2  1.61  9.86  0.01  4.48  2.45  9.03  8.18  0.28  2.54  2.78  0.82  4.36  3.79  0.09  4.68  2.91  5.44  5.2  7.43  0.31  0.9  2.35  3.3  1.92  4.57  1.64  1.05  0.72  9.91  2.8  1.79  2.59  5.03  7.51  8.57  5.14  9.46  1.12  8.48
5.34  5.63  0.04  6.35  8.25  3.77  6.98  6.81  4.72  0.42  2.8  3.17  6.16  7.4  5.36  6.78  7.89  3.46  3.05  5.55  0.4  3.95  0.66  1.48  4.64  2.8  3.41  1.76  0.99  8.92  8.91  9.93  8.91  4.28  6.82  2.86  7.41  2.33  2.71  9.38  4.51  5.12  7.86  5.54  4.97  2.84  0.13  8.89  9.06  8.23  6.12  3.49  9.12  6.55  1.9  3.39  3.3  4.66  6.3  3.61  5.76  6.9  1.96  8.3  8.24  0.69  3.55  2.94  7.64  6.15  7.73  0.92  9.72  6.92  1.08  1.83  9.29  5.88  1.63  6.97  1.79  6.28  2.61  1.74  7.45  3.95  2.83  4.53  1.09  1.18  1.29  6.37  2.98  3.23  0.8  4.44  1.43  8.84  9.62  9.87
9.22  4.24  2.71  5.89  0.96  2.77  8.12  3.46  4.19  5.37  3.22  0.24  6.15  5.22  5.31  0.25  0.41  0.2  4.74  9.49  4.64  3.62  8.2  0.08  2.55  6.19  1.99  3.85  8.06  0.44  1.1  9.33  0.8  6.26  8.36  8.01  9.94  2.87  6.23  0.98  6.14  1.3  9.54  6.86  9.35  9.93  8.31  1.69  9.77  2.96  2.78  7.54  7.13  3.28  2.92  9.65  5.52  9.47  6.8  8.54  2.26  9.89  3.85  3.29  9.0  1.24  9.37  4.25  6.92  1.68  7.49  8.41  7.84  5.15  1.06  3.93  8.75  8.04  6.08  8.89  9.47  9.23  9.65  1.16  1.81  6.75  4.75  8.01  2.75  6.98  2.99  5.33  2.92  2.16  4.86  0.12  2.28  4.0  2.84  9.0
1.07  8.27  2.3  1.57  8.55  0.35  6.08  6.06  9.49  6.64  9.11  9.61  6.6  8.32  6.74  7.67  3.66  8.91  6.82  9.53  2.86  2.78  0.91  1.36  0.34  7.71  2.66  0.87  4.1  4.92  9.88  1.59  1.59  7.7  4.62  4.79  5.81  1.53  1.49  7.03  8.83  1.27  7.08  6.25  4.6  0.97  6.58  7.62  5.06  5.95  5.74  1.86  9.01  4.66  6.32  1.91  7.06  6.86  2.63  3.44  7.78  6.5  5.24  6.84  6.43  3.09  5.34  8.49  1.7  7.54  3.7  9.58  7.06  2.73  7.1  5.49  8.78  2.2  5.0  8.56  3.26  0.44  1.99  5.93  0.41  9.28  6.52  6.73  10.0  1.39  9.6  6.33  0.69  2.02  9.79  4.39  7.61  0.43  6.32  7.35
9.09  8.87  1.88  5.7  2.27  9.08  0.37  5.44  5.59  1.43  5.83  4.03  4.0  5.66  3.05  0.76  0.56  1.49  3.61  0.41  9.15  2.65  2.27  0.24  1.23  8.35  7.01  8.72  5.73  7.2  6.67  5.57  3.97  3.53  4.31  2.09  4.03  2.13  4.64  5.79  6.72  3.22  6.93  0.67  4.43  9.64  6.19  3.02  7.37  2.91  0.6  2.51  1.41  0.44  9.8  6.09  5.1  0.55  7.84  1.62  1.67  5.93  5.55  2.95  7.26  0.9  0.67  6.69  6.94  0.53  4.77  6.29  2.08  8.39  4.36  5.67  2.08  2.29  7.68  4.46  2.83  5.18  5.36  4.93  8.62  6.97  4.63  3.23  6.58  5.34  9.41  2.49  9.57  6.7  9.34  6.58  3.51  5.59  6.12  8.15
8.28  7.92  4.13  1.29  0.74  3.12  7.72  7.75  6.3  9.0  6.03  6.22  6.83  7.51  7.22  8.88  5.05  2.23  9.98  5.67  8.22  8.03  2.1  6.61  8.34  2.51  9.49  5.11  6.29  7.93  5.95  1.66  3.93  7.21  6.97  0.71  8.19  5.82  3.58  8.74  9.97  0.36  8.85  2.01  5.43  8.6  2.28  0.72  1.36  3.18  8.35  9.12  7.46  6.47  1.07  3.12  0.78  6.36  6.51  6.89  7.89  9.03  5.46  5.35  4.35  9.12  2.44  3.63  2.37  6.79  0.86  5.99  7.94  3.72  0.95  2.51  0.02  7.3  7.1  3.94  1.35  8.21  8.71  2.38  2.74  5.65  6.38  5.52  4.35  1.28  2.57  0.23  0.66  2.02  0.6  1.78  9.4  1.98  1.31  4.61
6.68  0.23  6.59  1.74  5.18  4.68  7.99  5.85  6.39  7.16  5.69  6.24  9.55  6.53  9.67  9.59  0.45  5.04  7.44  2.93  9.14  5.69  9.25  2.89  4.91  7.32  6.99  0.74  6.74  0.04  3.49  6.14  7.32  3.2  9.58  3.55  3.6  0.6  7.35  6.24  0.6  2.33  8.26  2.51  1.39  2.09  1.68  2.12  2.74  2.79  9.72  1.62  1.61  8.86  7.99  5.61  8.1  7.68  9.94  6.48  3.49  3.13  6.9  1.34  0.73  1.45  8.61  9.91  4.41  4.5  6.16  6.6  1.31  6.27  9.12  2.7  8.38  3.19  4.36  4.41  0.48  2.28  3.85  6.32  3.94  6.99  7.82  2.76  9.5  0.24  8.98  6.89  0.63  9.23  3.95  7.15  5.45  5.65  9.59  1.13
8.44  6.8  2.4  0.45  7.05  7.65  9.32  3.94  6.3  8.02  2.18  3.48  8.08  4.92  2.79  3.08  6.03  6.95  1.18  3.8  3.26  3.33  10.0  9.87  2.35  4.59  8.45  9.5  7.8  2.08  5.1  1.85  2.71  7.04  3.71  4.01  3.7  0.96  5.17  8.51  2.06  8.19  1.48  4.75  1.97  0.58  8.95  6.03  6.99  1.14  3.21  9.33  5.08  5.36  3.56  6.54  3.67  6.3  5.83  8.83  6.01  3.83  9.79  1.44  4.48  5.64  5.56  3.34  1.78  3.04  2.26  4.74  7.8  4.89  4.67  4.57  5.59  4.36  9.71  1.28  2.29  8.91  1.11  3.94  2.77  3.53  3.12  0.91  6.97  9.33  5.64  0.43  9.75  1.15  0.42  7.63  1.85  1.26  5.27  8.7
7.18  7.8  1.71  9.63  1.33  9.95  0.38  8.29  1.42  1.61  6.0  5.81  4.75  5.21  9.69  9.13  7.72  3.04  3.39  8.39  7.59  3.79  3.86  7.66  3.84  2.23  4.24  7.81  3.65  7.13  5.37  1.8  2.18  6.53  7.02  6.83  3.48  9.45  0.82  9.98  3.24  2.05  4.28  7.75  8.25  0.4  6.92  2.27  6.19  0.93  1.0  2.19  1.41  0.22  9.78  9.91  4.57  0.69  0.57  6.08  9.22  5.5  5.62  2.89  6.56  3.13  2.68  2.5  0.69  3.9  3.7  1.26  6.99  5.64  4.01  5.43  1.72  3.75  5.75  3.15  1.24  2.84  6.13  5.41  3.85  4.83  1.1  3.86  6.28  9.22  9.37  1.34  9.21  4.87  0.07  1.46  2.13  5.2  3.14  6.22
6.1  2.32  1.23  0.92  2.38  9.62  0.48  2.67  5.99  7.92  7.55  4.25  1.39  4.5  3.23  3.24  7.91  2.99  6.7  2.25  3.04  1.51  4.35  9.84  0.85  2.86  5.63  7.43  5.14  2.7  4.71  2.68  2.42  8.35  4.06  4.89  0.78  5.13  8.85  2.43  1.88  4.33  0.38  8.12  6.88  3.17  5.35  1.43  8.4  2.41  9.44  1.17  2.6  4.5  9.14  2.84  0.34  1.64  8.42  6.08  2.42  0.65  1.08  6.78  2.91  7.05  7.91  5.43  4.97  3.2  2.46  8.07  6.18  9.05  5.96  3.26  0.61  4.25  3.4  8.78  9.76  8.75  0.09  9.15  0.84  5.18  0.65  5.36  1.84  9.6  1.61  1.48  3.05  6.29  8.16  2.17  8.29  5.87  1.65  0.85
0.83  7.54  8.23  7.6  5.41  9.94  1.65  0.93  6.49  1.96  7.26  4.04  0.42  4.07  1.27  0.67  0.83  8.98  6.09  4.06  5.19  0.68  4.94  2.08  3.28  2.15  3.66  9.77  9.66  2.64  3.79  2.74  3.65  1.39  0.28  5.85  4.58  5.89  0.4  1.51  0.51  2.15  9.03  6.58  0.13  7.55  5.97  3.41  1.12  5.68  8.85  8.88  1.66  5.59  8.93  8.17  6.69  7.04  4.02  9.82  8.15  2.92  1.11  7.22  5.42  7.21  3.48  0.91  0.4  2.21  7.17  9.58  9.7  9.56  5.14  5.25  8.88  4.41  3.72  3.9  4.76  4.08  3.12  4.0  7.3  8.45  5.59  4.97  5.8  5.86  6.21  1.85  7.32  1.59  1.99  4.44  9.76  3.08  8.19  2.31
0.45  2.79  8.08  4.03  7.62  2.68  9.01  2.03  0.19  9.87  3.77  2.86  4.32  0.51  6.29  3.03  9.3  7.33  7.44  1.75  9.06  8.44  9.82  1.92  6.11  1.89  7.42  5.33  0.44  7.94  3.74  8.74  5.2  2.44  7.9  8.24  0.49  1.76  1.89  7.66  0.89  3.6  1.62  2.06  6.19  7.89  9.78  2.45  7.42  0.93  9.67  7.59  2.89  5.96  1.82  9.91  6.44  5.05  4.2  7.44  1.94  5.11  9.72  2.26  9.29  6.14  5.83  5.86  9.41  8.15  3.92  3.0  2.49  6.66  9.02  5.22  5.14  6.52  1.72  1.91  4.45  5.83  5.51  4.7  6.62  8.83  5.76  5.69  8.28  3.24  7.91  0.41  3.59  4.35  8.44  8.91  8.61  8.41  7.68  6.91
1.88  2.71  0.65  7.59  0.52  7.07  1.82  0.93  4.96  8.13  3.56  7.13  4.14  9.39  7.27  9.15  1.19  7.44  9.94  9.63  9.01  4.72  8.44  8.66  9.88  6.93  6.29  8.12  0.14  7.04  1.02  3.86  2.37  1.43  1.16  9.62  8.7  0.43  0.53  9.36  9.01  9.12  5.5  7.7  7.68  3.09  2.83  9.1  5.79  2.32  1.85  3.44  6.0  5.55  5.91  1.82  1.38  3.9  9.61  1.95  3.67  5.5  6.01  8.71  5.48  9.1  6.06  6.32  1.66  0.14  2.51  2.85  2.9  7.32  1.83  4.75  2.92  7.47  9.67  8.17  7.67  2.23  9.34  7.47  8.37  2.06  9.78  6.67  8.45  5.45  9.87  8.91  4.6  7.38  4.21  4.38  8.1  5.97  4.36  0.13
2.69  9.23  8.85  5.87  2.49  7.63  6.9  2.47  4.39  3.35  5.93  2.59  1.1  8.67  2.77  4.72  9.68  9.13  1.5  1.6  4.48  2.93  4.7  0.55  7.61  4.02  9.27  9.42  5.11  4.64  3.4  1.55  6.83  0.63  2.7  8.63  2.98  0.27  9.63  5.55  4.42  5.76  6.65  2.96  5.63  2.9  1.1  5.17  9.57  9.74  2.7  7.67  7.83  4.27  4.27  4.67  4.54  9.83  4.44  0.98  0.48  9.96  9.67  9.84  6.02  2.06  9.99  0.2  5.65  6.51  0.65  5.87  4.11  9.62  4.47  8.25  3.71  0.28  9.22  8.95  9.6  2.86  3.88  2.93  9.88  5.89  4.16  3.08  8.18  0.6  1.92  7.47  0.76  6.12  3.16  6.87  0.93  6.69  4.22  6.45
5.73  6.99  6.1  1.9  1.11  3.02  4.86  2.97  8.26  0.59  9.03  5.42  8.11  8.42  3.96  7.44  8.96  4.03  9.19  7.32  7.82  4.26  0.14  6.19  7.46  9.01  7.99  6.16  8.28  1.9  2.26  1.46  8.67  2.97  9.81  3.54  4.31  6.07  2.8  9.72  9.24  2.97  3.62  6.38  9.63  7.94  6.3  1.97  1.75  1.77  2.16  2.47  1.27  5.68  6.43  9.92  9.33  0.92  3.68  3.11  8.42  5.33  6.62  7.24  5.92  9.2  6.07  5.98  9.59  3.3  3.28  2.36  5.66  8.73  3.54  1.82  9.44  4.78  1.06  4.19  3.01  9.25  4.98  4.16  4.28  4.37  8.8  7.29  5.68  3.71  0.06  7.65  4.86  0.1  6.93  5.79  5.19  2.1  6.38  7.55
5.08  6.62  9.54  7.71  3.9  1.15  5.91  2.83  9.06  9.02  8.94  8.31  4.2  0.17  8.36  2.48  9.0  6.28  5.04  9.82  2.61  9.25  8.94  2.5  6.62  8.16  6.38  5.52  2.81  1.3  6.3  8.25  1.99  0.82  3.0  7.85  5.64  7.99  3.43  7.55  1.52  8.81  6.43  4.25  2.57  2.92  9.14  0.39  0.73  2.72  5.84  4.56  3.85  9.36  7.6  3.93  0.82  3.85  1.84  0.01  9.13  2.6  2.48  1.11  2.17  3.02  9.14  3.51  3.03  2.32  6.39  1.06  4.04  9.3  1.51  7.42  1.31  8.28  0.12  6.07  3.08  5.77  0.71  7.05  2.27  2.5  0.36  3.44  7.22  4.27  6.88  9.16  6.62  2.06  1.31  5.23  4.46  6.94  9.66  5.58
