12 12
6.99 3.0 1.27 8.74 8.41 7.65 4.16 3.16 4.47 5.81 1.07 8.24
5.67 4.41 1.8 7.82 4.51 9.66 6.41 9.93 7.81 8.64 4.17 5.27
4.46 6.99 3.02 7.06 8.87 0.99 1.75 1.56 0.56 0.35 2.36 1.14
9.83 6.67 4.32 9.22 0.77 1.89 1.05 0.49 1.49 8.97 0.29 6.45
1.82 3.66 4.05 3.55 3.25 3.08 5.23 2.97 0.14 6.74 5.48 1.11
0.98 4.85 2.64 6.2 2.0 2.86 3.35 9.16 4.14 2.01 7.62 0.57
4.95 2.09 4.67 7.68 2.89 4.73 7.83 7.16 2.95 4.37 9.35 0.54
1.61 8.47 2.74 3.69 8.6 4.02 2.56 4.87 7.19 6.7 8.46 8.75
8.57 4.43 5.6 9.4 8.85 7.63 1.36 1.34 6.13 4.42 0.23 5.26
5.67 3.06 0.75 8.16 2.25 0.76 4.02 0.35 7.81 7.48 1.67 0.47
1.06 10.0 6.46 5.88 3.93 4.6 8.52 9.54 9.31 9.32 8.07 3.04
4.46 8.59 2.91 8.25 1.16 1.96 0.46 2.44 9.36 4.52 7.32 7.22
