12 12
1.02 3.36 2.72 6.01 7.47 1.22 8.13 1.95 5.07 8.57 4.41 4.16
5.4 4.45 4.18 1.61 2.8 0.22 9.83 7.8 9.48 4.18 3.83 3.86
2.51 6.65 4.94 7.59 4.06 6.32 4.75 6.93 4.71 9.73 8.27 9.17
1.23 2.12 6.12 5.29 1.4 0.92 1.09 8.59 2.74 4.6 2.51 4.11
6.14 7.05 6.57 3.37 7.89 7.7 6.1 4.85 0.75 5.97 4.68 5.63
2.68 2.82 4.47 5.61 2.46 0.21 9.92 3.91 1.08 8.13 2.0 3.65
7.05 8.08 4.36 0.9 1.88 7.32 7.65 9.81 6.79 1.06 2.36 7.92
6.08 4.39 7.39 5.64 3.89 7.38 5.13 3.76 3.97 8.42 5.81 0.58
4.4 9.9 7.05 4.87 3.51 4.47 5.8 7.25 5.66 1.44 5.34 4.37
2.03 7.9 8.71 4.53 9.82 7.75 9.68 8.45 2.17 4.93 6.85 9.11
3.34 9.64 4.82 3.51 7.38 2.09 8.85 7.52 7.86 5.85 1.29 4.21
6.23 9.62 2.48 2.42 0.22 3.99 8.1 0.42 5.51 5.49 7.73 5.05
