12 12
5.94 2.06 6.98 5.49 2.45 9.32 6.28 0.82 6.73 9.94 2.22 5.82
1.87 5.27 7.58 1.31 2.97 9.67 6.12 5.6 4.84 8.53 7.5 0.36
4.84 0.37 8.14 9.05 5.09 2.6 4.06 0.52 7.76 1.85 9.75 7.08
8.98 4.45 8.63 2.67 5.78 6.08 4.76 5.88 0.18 2.37 4.8 3.39
7.82 5.76 2.34 2.56 8.38 9.03 8.23 6.86 6.71 4.31 2.91 7.58
1.55 0.13 0.73 5.72 1.17 2.79 6.76 4.91 1.67 7.24 7.51 8.81
7.72 1.95 6.08 2.97 5.7 8.68 9.3 6.58 2.7 2.98 2.92 5.66
0.76 1.2 1.41 4.47 1.58 6.46 5.17 2.74 8.11 4.55 9.8 0.19
7.67 3.71 4.95 2.19 0.72 8.2 0.69 5.86 3.64 6.2 3.9 3.47
8.68 5.06 8.67 3.35 9.4 7.07 4.08 3.42 7.47 0.67 7.04 9.66
1.44 8.87 2.38 5.09 1.56 1.61 1.77 2.74 7.42 1.75 6.09 7.04
6.75 9.99 7.18 9.4 1.9 7.74 8.16 1.61 8.27 1.52 9.4 5.77
