12 12
1.04 1.24 5.31 6.95 1.29 4.44 8.77 1.84 9.19 6.46 4.15 7.47
8.07 4.51 2.48 6.56 5.2 6.01 4.71 0.25 7.79 3.93 2.63 5.46
3.78 5.98 1.91 7.0 3.52 8.48 1.84 6.07 8.06 0.23 1.35 2.08
9.01 9.96 3.72 9.7 2.84 9.56 6.49 5.09 0.35 4.04 9.93 2.77
1.19 2.76 1.8 7.31 1.18 0.45 1.55 9.96 4.1 6.47 3.73 1.81
1.71 8.69 2.6 5.57 5.7 7.25 9.3 4.41 6.69 0.77 1.45 4.73
1.22 4.78 8.62 0.43 7.46 0.5 6.77 3.76 1.68 3.08 7.87 8.69
5.59 6.58 2.1 0.59 5.82 1.43 0.98 1.23 7.75 4.24 8.93 7.17
1.24 2.48 4.25 4.75 0.18 1.59 7.05 9.91 6.74 4.34 7.46 7.56
4.31 7.19 1.8 0.66 6.87 1.54 7.38 7.97 7.75 6.62 6.76 6.1
6.73 6.4 1.16 1.86 1.1 6.29 2.2 9.29 6.48 9.15 6.17 7.34
6.56 1.04 0.76 2.85 9.91 4.0 8.88 4.03 2.6 3.13 3.64 9.36
