12 12
7.25 1.63 8.86 9.47 1.93 9.37 3.88 2.19 7.81 8.86 3.22 4.91
8.84 4.55 9.2 9.5 8.97 2.43 1.67 1.23 7.18 8.46 5.48 0.12
5.53 2.05 2.45 7.13 6.44 5.61 2.81 9.99 1.58 3.07 1.97 8.03
7.34 7.01 5.94 9.4 4.69 3.81 5.92 1.06 1.38 5.21 8.94 3.74
8.02 6.37 2.83 7.14 7.55 7.38 6.55 3.7 1.89 7.17 8.59 9.39
3.88 2.29 7.16 1.18 5.25 0.91 1.52 1.93 4.15 7.64 2.22 5.54
8.27 6.89 9.55 2.16 0.49 1.7 7.34 5.67 3.79 8.29 7.57 3.25
6.09 0.43 5.58 3.68 5.84 0.78 0.95 8.34 4.18 4.17 9.57 9.99
7.66 6.67 4.61 5.06 8.09 3.67 3.15 8.79 2.07 3.61 7.65 5.05
1.75 6.73 6.68 8.11 2.2 5.39 9.79 7.72 5.84 8.58 5.42 2.81
1.31 7.25 6.68 9.15 8.5 3.87 5.84 4.35 6.38 4.63 5.18 6.79
6.75 9.88 2.67 5.06 5.89 0.73 4.89 5.75 6.14 6.82 9.25 4.76
