12 12
2.33 4.83 2.71 1.63 1.79 3.13 2.28 2.27 2.09 4.33 3.73 1.13
3.08 4.99 3.06 2.07 3.97 4.34 3.45 3.21 4.33 1.07 2.58 2.63
1.93 2.99 1.82 4.36 3.69 1.5 3.46 3.36 1.1 3.58 2.21 4.58
4.18 4.19 2.8 2.85 2.39 1.62 2.89 1.78 1.52 4.82 2.5 4.98
4.35 2.58 2.07 4.52 3.15 3.25 1.31 2.62 3.72 1.84 2.58 3.17
2.62 1.33 3.14 4.06 1.78 1.77 1.02 2.24 1.77 3.92 4.64 3.38
1.46 2.59 3.49 3.43 3.61 4.31 1.53 4.84 3.11 3.69 2.83 3.92
2.86 3.15 1.89 1.63 3.2 4.9 3.8 1.86 2.81 4.2 1.84 4.34
4.77 1.77 1.78 2.12 2.04 4.05 3.51 2.44 4.22 1.41 4.89 2.44
3.64 1.55 4.64 3.51 4.81 2.04 2.95 2.32 4.52 2.22 4.51 2.5
2.83 2.92 3.71 2.15 3.14 1.98 1.26 1.66 4.89 1.9 1.62 2.84
4.21 4.68 3.07 3.93 3.42 4.87 3.99 3.35 3.39 1.5 2.66 2.0
