12 12
3.4 1.39 2.41 1.69 4.99 1.93 4.15 2.76 2.65 3.33 2.97 2.39
2.3 4.21 4.28 2.79 4.97 4.12 1.29 3.52 3.49 4.51 3.09 3.07
2.14 2.56 4.04 3.85 2.12 4.86 3.49 3.51 2.72 1.9 3.7 4.91
2.93 1.99 2.36 2.49 3.51 2.51 2.5 2.95 2.51 1.75 3.44 4.22
1.91 3.08 3.65 2.73 3.18 2.86 3.76 4.42 2.54 4.85 1.16 2.96
3.12 1.67 2.28 1.75 1.87 2.97 1.27 4.56 2.23 1.46 1.68 1.51
2.82 4.17 2.43 2.42 3.49 2.18 2.61 4.89 4.81 3.58 3.25 1.83
2.75 4.56 3.93 2.28 1.24 3.66 4.1 2.58 2.2 2.94 2.1 2.71
3.83 1.62 4.76 2.55 3.41 1.22 2.37 3.96 1.39 2.91 4.53 2.24
4.33 1.27 4.17 4.37 2.21 4.37 4.77 3.19 4.72 4.41 4.88 1.71
3.49 3.23 3.37 2.93 4.41 1.11 4.42 1.83 2.29 4.32 4.84 3.88
4.22 3.68 1.53 2.5 2.51 4.75 4.7 4.93 2.18 2.56 3.91 1.67
