12 12
2.69 2.32 2.01 4.34 2.75 2.8 3.13 1.38 3.49 2.25 2.26 3.23
2.7 4.86 2.7 1.06 1.62 2.2 3.74 3.31 3.27 3.28 3.72 1.15
4.42 3.99 1.22 3.74 2.66 2.07 2.04 4.54 3.92 2.42 1.52 3.47
2.16 3.59 4.57 2.71 2.03 2.97 4.79 1.66 3.27 4.82 3.55 2.93
4.24 3.77 4.06 3.11 4.0 2.74 1.59 3.8 4.06 3.42 2.92 3.96
2.71 3.18 5.0 1.67 2.67 1.25 1.16 2.67 1.19 4.84 4.25 1.31
2.17 3.19 3.25 4.1 2.82 1.16 4.16 1.44 1.25 2.71 3.96 3.75
4.23 4.51 1.45 2.32 2.58 2.5 3.96 2.42 4.47 4.46 2.69 2.68
2.01 1.97 1.27 2.33 3.77 2.99 4.71 4.18 1.08 3.85 2.65 2.2
1.39 3.85 4.93 3.48 3.74 4.65 3.16 1.48 2.56 1.62 4.6 4.96
4.66 3.13 4.17 4.67 1.26 3.94 3.45 1.59 3.96 1.44 1.47 2.86
4.86 2.07 2.37 2.53 2.3 2.88 2.78 2.53 3.71 2.89 1.21 4.17
