12 12
4.08 3.34 2.65 3.62 1.92 2.06 4.92 1.99 2.11 1.24 4.36 3.31
4.39 1.2 2.03 3.48 3.68 3.1 1.54 4.71 3.9 4.26 2.17 1.74
2.66 2.65 2.44 3.93 3.23 4.42 2.3 4.56 1.32 2.77 3.99 4.42
2.68 4.13 1.81 4.44 1.97 2.82 1.13 3.92 4.84 2.87 1.14 2.47
3.52 1.42 4.46 4.54 2.06 4.01 1.94 1.47 3.98 1.68 1.33 1.83
4.14 4.33 4.91 1.04 2.58 1.64 4.81 2.7 1.63 2.28 2.69 2.9
2.22 2.69 1.01 4.58 2.27 3.3 4.31 1.26 1.68 4.03 1.43 2.57
1.71 2.24 4.29 4.19 2.58 1.21 3.01 3.23 3.73 1.61 4.38 1.04
2.12 1.99 4.82 3.18 4.43 3.6 3.59 3.54 3.2 2.07 3.17 2.58
2.44 3.2 4.57 3.63 4.97 2.67 1.58 1.01 3.29 4.39 3.29 4.93
1.49 4.41 4.68 4.71 1.06 2.76 4.99 2.08 3.84 4.46 3.55 3.83
1.32 1.87 1.62 2.64 4.47 1.59 2.89 1.33 2.93 4.92 3.29 1.52
