12 12
2.61 1.22 2.3 2.2 4.63 4.69 4.56 4.52 4.88 2.33 4.66 2.33
4.06 1.2 3.61 4.06 1.49 1.46 2.37 1.39 3.68 1.58 4.71 4.48
1.58 2.12 4.42 1.5 2.19 1.43 1.57 1.66 1.58 4.61 2.14 4.73
2.25 4.48 2.26 1.82 4.64 4.15 3.63 2.0 3.78 1.44 4.48 1.91
3.75 4.58 2.37 3.14 4.9 2.39 4.29 2.99 2.38 3.65 2.63 2.47
1.68 4.94 3.88 1.75 4.96 3.37 3.06 1.83 2.32 1.81 2.87 4.24
2.2 4.97 1.9 1.66 4.08 3.74 4.03 1.57 3.31 4.79 3.6 2.54
3.79 4.41 2.92 1.38 2.93 1.59 1.32 2.43 2.37 4.89 2.93 3.5
3.84 4.5 3.12 1.71 2.41 4.33 4.29 3.85 2.04 1.56 2.88 4.1
3.36 4.93 2.4 3.82 2.98 2.02 1.5 2.51 4.58 2.89 1.19 1.35
1.16 3.92 2.6 3.99 1.67 1.85 3.24 3.39 3.74 2.33 3.84 4.74
3.77 2.95 2.77 2.62 2.43 2.58 4.42 4.2 3.99 4.03 3.71 1.38
