12 10
9.92  8.72  0.72  9.59  6.51  4.54  3.88  5.0  0.03  3.68
5.63  2.9  4.3  7.75  1.42  2.29  4.17  2.12  7.24  0.38
4.4  2.07  6.68  5.76  6.02  8.44  8.24  9.17  7.87  8.32
6.15  8.7  2.42  7.89  1.07  8.41  2.92  9.42  9.9  7.04
7.64  5.01  1.35  6.22  7.15  2.76  7.52  2.63  2.84  6.72
9.63  1.98  8.77  9.85  1.96  5.58  9.97  4.01  8.9  2.75
0.72  8.82  1.15  4.17  7.15  3.58  2.65  7.35  4.02  9.41
2.39  6.88  2.19  1.44  8.57  9.52  0.25  1.19  5.85  9.64
4.7  6.69  2.46  5.92  4.87  1.08  4.71  3.61  3.31  3.94
2.01  7.12  2.94  8.36  3.0  4.38  5.27  6.42  1.6  6.73
2.82  5.13  9.41  7.87  6.32  8.53  3.26  3.6  9.94  9.96
1.69  6.89  5.9  8.11  2.45  7.02  2.69  1.43  2.71  4.35
