10 10
10.0  8.89  7.78  6.67  5.56  4.44  3.33  2.22  1.11  0.0
10.0  8.89  7.78  6.67  5.56  4.44  3.33  2.22  1.11  0.0
10.0  8.89  7.78  6.67  5.56  4.44  3.33  2.22  1.11  0.0
10.0  8.89  7.78  6.67  5.56  4.44  3.33  2.22  1.11  0.0
10.0  8.89  7.78  6.67  5.56  4.44  3.33  2.22  1.11  0.0
10.0  8.89  7.78  6.67  5.56  4.44  3.33  2.22  1.11  0.0
10.0  8.89  7.78  6.67  5.56  4.44  3.33  2.22  1.11  0.0
10.0  8.89  7.78  6.67  5.56  4.44  3.33  2.22  1.11  0.0
10.0  8.89  7.78  6.67  5.56  4.44  3.33  2.22  1.11  0.0
10.0  8.89  7.78  6.67  5.56  4.44  3.33  2.22  1.11  0.0
