10 10
0.0  1.11  2.22  3.33  4.44  5.56  6.67  7.78  8.89  10.0
0.0  1.11  2.22  3.33  4.44  5.56  6.67  7.78  8.89  10.0
0.0  1.11  2.22  3.33  4.44  5.56  6.67  7.78  8.89  10.0
0.0  1.11  2.22  3.33  4.44  5.56  6.67  7.78  8.89  10.0
0.0  1.11  2.22  3.33  4.44  5.56  6.67  7.78  8.89  10.0
0.0  1.11  2.22  3.33  4.44  5.56  6.67  7.78  8.89  10.0
0.0  1.11  2.22  3.33  4.44  5.56  6.67  7.78  8.89  10.0
0.0  1.11  2.22  3.33  4.44  5.56  6.67  7.78  8.89  10.0
0.0  1.11  2.22  3.33  4.44  5.56  6.67  7.78  8.89  10.0
0.0  1.11  2.22  3.33  4.44  5.56  6.67  7.78  8.89  10.0
