14 14
3.87  6.93  7.14  2.45  0.00  0.00  3.87  0.00  2.45  3.87  6.24  2.45  5.20  7.75
7.14  9.33  9.33  9.80  5.48  2.45  1.73  5.48  0.00  3.87  6.93  8.83  11.62  8.66
6.24  7.14  6.24  10.10  10.10  7.35  2.45  1.73  3.87  3.87  5.48  7.14  9.33  4.90
5.48  3.87  1.73  3.87  7.35  7.35  5.48  4.90  0.00  2.45  5.20  5.48  1.73  3.87
2.45  6.24  1.73  0.00  1.73  9.33  3.87  3.87  3.87  3.87  5.48  2.45  6.24  1.73
3.46  3.87  3.87  2.45  3.87  3.46  6.24  3.46  2.45  2.45  2.45  3.46  4.90  6.24
2.45  5.48  5.20  3.87  1.73  3.87  3.46  3.46  2.45  0.00  1.73  1.73  4.90  3.87
1.73  1.73  3.87  2.45  3.87  2.45  2.45  1.73  2.45  1.73  0.00  2.45  2.45  6.24
3.87  1.73  1.73  3.87  3.46  1.73  2.45  0.00  1.73  1.73  2.45  2.45  2.45  4.90
5.20  3.46  2.45  1.73  0.00  1.73  0.00  0.00  2.45  3.87  1.73  1.73  1.73  5.48
1.73  5.20  2.45  0.00  0.00  0.00  0.00  1.73  4.90  0.00  0.00  3.87  1.73  5.48
2.45  2.45  4.90  2.45  1.73  1.73  1.73  4.90  3.87  0.00  3.87  1.73  3.46  3.46
3.46  2.45  2.45  3.87  3.46  3.46  5.48  6.24  1.73  2.45  3.87  2.45  2.45  3.87
1.73  1.73  2.45  1.73  1.73  2.45  2.45  1.73  2.45  1.73  4.90  3.87  4.90  1.73
