50 100
3.96  7.98  5.65  0.15  6.29  4.2  8.6  4.76  9.71  0.56  8.0  2.55  6.83  9.89  4.54  5.6  1.41  0.76  6.29  8.2  2.72  3.86  3.15  4.58  1.13  9.3  5.12  7.98  5.93  0.15  9.19  4.26  2.01  9.49  4.77  2.82  3.02  1.42  1.16  2.7  5.23  1.14  1.78  9.11  6.34  9.52  3.39  9.24  7.64  5.65  6.46  2.36  5.6  8.7  0.56  4.14  7.15  2.42  7.2  2.05  9.13  4.72  0.88  5.67  5.57  2.54  0.37  2.69  6.51  1.69  0.48  9.54  3.09  7.59  1.81  7.15  2.11  9.59  1.58  4.52  7.32  0.87  5.98  5.28  1.03  7.29  4.52  3.81  3.43  0.33  9.58  4.1  4.56  1.32  3.7  3.77  5.16  1.25  9.36  5.02
5.89  3.54  9.81  5.79  4.91  6.19  2.7  4.9  0.0  0.19  7.8  5.8  8.84  2.27  8.19  4.91  7.01  4.4  0.07  5.53  3.26  1.89  7.83  1.69  1.43  0.38  9.8  0.71  0.59  8.52  9.46  5.32  3.02  5.32  0.8  4.71  0.73  7.6  9.12  8.64  6.2  3.78  1.17  7.33  3.63  8.64  2.31  1.61  9.55  5.64  5.26  2.61  7.04  1.11  4.91  6.61  2.79  2.03  1.26  9.9  1.32  1.76  6.71  5.5  1.03  9.17  9.65  2.21  5.74  3.83  5.08  7.43  7.97  2.3  0.2  2.76  9.63  6.33  6.76  6.71  5.96  8.97  1.68  5.9  0.79  2.33  1.11  0.29  4.1  4.55  0.38  4.01  1.05  4.89  6.91  3.77  4.19  5.46  0.99  3.55
5.74  8.95  2.93  1.52  4.89  5.73  1.58  3.35  6.87  4.65  8.3  0.69  5.34  0.25  0.08  5.84  0.78  2.89  0.44  2.33  2.12  0.58  5.1  9.02  8.16  7.7  8.28  1.01  0.25  4.79  1.18  0.35  5.09  1.7  7.5  2.86  8.68  0.85  3.98  9.99  2.07  9.36  5.11  6.1  0.99  3.15  0.51  0.59  3.12  2.18  6.27  4.39  6.63  3.8  2.39  0.62  9.58  7.28  1.4  5.15  0.25  0.47  4.28  3.41  3.4  6.46  3.69  6.63  7.86  5.81  8.7  2.33  8.5  5.31  8.56  3.72  1.16  8.58  9.14  5.37  6.77  6.32  9.69  7.42  0.93  3.01  3.11  8.59  8.94  4.83  6.76  8.57  3.22  0.56  7.55  6.48  2.7  2.14  8.04  0.72
0.59  8.02  3.12  5.7  3.28  9.61  3.11  5.59  7.86  4.33  1.04  1.9  2.24  6.37  8.89  3.88  2.36  2.11  5.09  3.16  1.97  1.63  0.13  9.47  0.19  3.16  1.43  0.07  1.8  1.65  1.7  2.92  2.22  3.73  4.86  6.04  2.34  3.42  1.61  9.32  0.38  6.53  8.51  0.98  0.38  1.82  2.72  9.89  5.73  3.9  1.67  0.37  0.38  2.98  4.44  8.9  0.89  3.6  1.77  4.28  8.48  3.33  3.34  8.4  5.13  4.92  1.18  5.96  8.96  7.33  4.29  6.81  0.57  7.34  4.66  3.94  6.88  1.4  7.22  0.25  0.15  7.64  9.52  5.22  5.72  3.87  8.91  5.28  6.76  7.34  8.85  7.26  5.26  0.37  5.46  9.67  0.9  8.55  2.65  0.14
3.34  5.35  9.87  5.45  6.07  0.55  8.5  5.13  6.13  6.22  9.36  7.65  6.22  0.17  4.04  7.34  8.69  4.55  4.95  2.19  6.98  8.33  7.52  9.94  1.27  1.59  4.97  4.56  8.93  3.54  7.89  4.93  8.33  8.4  4.21  3.0  9.78  4.32  1.09  2.4  8.21  3.48  5.33  7.47  6.0  1.75  8.92  1.15  9.13  1.93  7.87  3.06  7.6  0.87  4.11  8.43  9.14  6.72  4.06  5.33  2.29  1.73  7.04  3.76  9.0  0.21  0.22  6.69  4.13  3.57  5.56  4.44  7.35  2.39  7.88  1.47  5.45  6.82  3.68  0.27  1.67  7.65  3.19  0.34  9.61  10.0  0.36  6.26  1.32  6.15  6.8  7.71  0.13  4.94  6.98  5.32  8.44  4.36  0.44  9.45
9.99  1.54  3.21  1.08  6.23  6.17  3.99  7.28  5.4  8.26  1.26  4.02  6.43  8.21  2.25  4.68  6.58  1.18  3.03  4.07  2.59  0.87  2.28  6.09  7.32  2.59  9.54  5.36  7.48  5.09  1.14  9.47  5.13  7.78  5.3  6.8  2.84  2.95  0.88  4.97  9.12  8.98  8.18  7.12  1.64  8.35  6.2  9.32  7.14  4.6  3.02  2.11  7.45  9.88  1.54  8.25  4.92  9.0  5.74  8.79  9.24  6.11  2.46  4.67  2.07  7.53  9.03  8.05  8.48  6.64  5.71  9.36  0.67  3.55  3.05  7.48  1.93  6.56  1.82  5.7  4.55  8.27  3.67  7.94  6.8  1.48  0.23  7.94  7.61  8.44  7.71  5.5  3.53  0.56  2.32  6.2  3.38  0.09  0.64  9.34
7.71  2.85  6.74  7.9  1.51  4.98  4.35  5.32  4.59  8.51  5.75  9.88  0.67  1.87  3.07  7.47  4.14  5.27  4.22  5.88  0.1  2.5  4.91  0.37  1.25  9.19  6.02  4.64  0.13  0.13  8.54  5.82  4.94  2.87  2.51  5.38  9.09  1.5  4.07  3.22  6.14  6.03  6.94  9.7  4.35  4.3  0.04  7.14  3.48  9.63  3.99  8.87  7.01  8.19  9.89  2.18  4.49  3.6  8.92  8.27  2.21  7.83  0.05  5.74  9.03  6.06  7.91  4.04  3.88  7.75  4.59  5.73  7.54  6.61  0.37  9.67  10.0  8.28  6.48  0.93  4.91  6.69  9.64  7.12  3.58  0.28  7.37  0.09  6.42  3.16  2.65  6.3  3.16  0.59  4.21  2.24  0.85  9.53  8.89  3.95
5.67  6.94  7.74  9.33  7.14  2.84  0.12  4.98  0.01  2.22  2.43  9.31  5.57  0.06  4.89  3.82  2.23  0.31  2.23  2.94  4.66  0.38  9.51  7.05  5.97  9.8  4.17  8.78  9.67  1.83  4.41  6.79  8.19  3.71  5.26  7.22  7.38  3.36  9.65  4.95  6.93  3.17  9.13  8.33  6.2  8.94  4.3  6.62  8.61  1.45  3.31  0.08  0.31  8.61  2.77  2.9  2.33  5.87  1.17  5.6  2.95  0.78  3.97  6.91  8.25  2.19  1.74  1.68  8.84  4.05  0.38  9.36  4.09  0.89  5.84  8.57  1.07  4.05  0.85  1.46  7.86  1.6  0.92  9.01  9.83  5.4  6.06  2.92  6.09  8.32  1.24  7.22  9.21  8.44  3.9  0.3  6.16  2.14  1.58  3.47
2.5  2.61  2.55  4.43  1.08  8.38  1.94  0.82  1.5  0.07  7.87  5.67  6.44  6.94  0.62  7.91  2.08  8.84  4.24  1.01  2.95  6.47  1.75  9.77  0.4  2.05  0.12  6.08  8.79  6.04  0.18  0.4  9.09  4.83  4.25  4.54  4.64  0.93  7.58  5.67  4.34  0.96  4.5  0.36  8.41  3.54  7.63  6.15  7.49  5.45  1.37  8.66  8.58  9.54  6.18  3.23  7.24  9.84  2.17  5.82  2.82  2.66  1.03  8.02  2.18  5.28  9.96  4.39  3.31  2.04  5.03  3.29  7.89  8.52  1.21  4.68  7.82  0.61  8.17  2.73  0.62  3.26  6.27  6.25  0.43  1.82  1.79  4.24  5.84  7.53  4.26  5.5  4.81  1.84  6.47  2.21  7.83  5.61  0.14  2.23
2.6  5.99  6.18  9.4  1.15  0.08  1.01  4.99  7.09  0.4  4.01  4.76  5.57  9.22  9.23  3.96  5.24  6.88  5.96  8.98  5.62  5.55  6.88  7.83  7.94  4.96  1.92  9.28  7.2  8.4  0.12  6.73  8.13  2.03  4.06  5.51  3.36  1.92  4.49  3.3  4.27  3.26  8.32  7.69  7.33  0.86  4.05  6.58  2.54  9.93  8.46  3.59  6.16  3.54  3.76  7.94  5.14  2.6  0.9  6.7  7.44  2.16  3.65  2.22  1.18  8.8  9.62  6.02  3.57  8.83  5.99  2.0  5.19  5.24  8.85  8.37  8.69  5.23  8.87  0.56  3.54  8.88  0.06  4.16  1.77  5.95  8.94  5.14  0.85  6.53  3.94  8.88  0.76  8.92  3.36  3.42  2.5  3.52  0.16  3.72
3.1  2.51  7.17  1.71  3.55  4.62  9.41  9.17  2.03  6.13  6.97  5.33  4.55  4.92  6.67  9.52  6.55  1.05  0.4  4.92  8.8  9.02  6.68  6.74  3.64  1.26  5.94  5.18  7.19  7.57  9.34  5.76  6.58  6.09  9.33  3.79  6.3  3.24  9.77  0.83  2.76  7.71  1.11  6.2  1.9  6.07  6.58  1.52  7.38  8.74  9.18  4.06  9.19  7.08  9.21  2.55  1.5  0.56  5.89  3.02  9.66  4.53  0.42  7.62  5.17  0.66  3.17  0.45  9.87  1.87  2.95  1.8  2.37  4.61  2.31  2.77  3.96  4.43  5.01  2.18  8.57  4.26  4.57  6.0  1.68  9.24  8.98  6.91  0.05  6.83  5.41  5.35  9.98  2.78  2.07  2.33  9.02  0.24  0.09  6.02
8.16  9.38  6.56  6.4  5.88  1.45  2.02  5.04  6.26  5.51  5.51  2.73  6.75  7.11  3.62  6.03  7.31  4.6  8.55  2.04  8.62  9.66  1.78  8.93  1.24  9.8  2.5  7.42  7.55  3.99  6.67  9.13  6.89  4.84  2.81  9.48  2.14  10.0  0.86  7.1  2.32  1.08  6.08  8.02  4.13  2.48  9.54  5.69  0.87  1.52  6.95  6.21  9.26  7.19  5.74  8.11  2.51  6.06  2.55  9.32  7.7  8.84  3.84  1.88  5.4  4.41  1.34  4.48  6.52  2.95  5.89  9.73  7.6  4.99  6.93  8.67  6.11  3.35  4.42  6.02  3.21  8.35  1.78  0.81  5.49  4.54  7.55  7.6  0.58  1.48  3.32  2.89  0.1  3.04  4.47  7.59  4.68  2.38  8.52  3.32
0.61  0.08  9.59  0.2  0.8  3.96  0.34  9.67  0.5  7.06  1.31  4.84  6.59  4.48  1.51  6.85  3.72  5.18  9.02  0.42  3.73  6.57  1.62  6.46  0.21  4.35  7.71  1.79  7.32  0.46  5.06  6.36  7.21  9.82  3.91  5.72  7.11  4.53  7.78  0.0  8.32  9.53  0.98  5.74  2.51  5.33  9.6  1.59  4.58  2.6  8.91  8.98  2.02  2.02  1.01  4.55  8.98  9.84  8.14  7.35  3.21  3.59  2.1  3.75  6.15  6.27  2.69  1.05  3.89  4.98  7.57  5.94  5.89  3.91  0.27  6.04  5.56  8.36  3.62  5.9  6.48  1.14  2.1  0.61  1.08  1.13  4.88  8.52  4.49  3.93  4.1  8.72  3.94  4.69  4.37  4.51  9.96  1.01  4.3  7.8
3.02  5.78  1.82  2.17  3.76  8.41  8.67  3.59  1.06  9.97  9.6  1.92  2.46  8.41  0.07  4.07  2.43  9.3  6.71  8.36  6.03  8.96  7.12  1.01  5.23  3.75  6.1  0.71  8.94  8.63  8.2  4.59  1.52  6.84  3.56  3.96  9.5  5.21  5.83  1.72  4.23  7.46  8.91  9.73  2.67  0.37  4.73  3.94  0.38  8.05  6.98  7.32  1.63  1.99  3.23  5.57  6.26  0.32  0.71  7.57  3.6  9.13  5.79  3.12  4.88  1.62  8.93  0.57  5.81  9.7  8.83  0.43  9.22  5.46  4.26  7.93  8.57  7.9  9.01  4.62  7.39  9.2  6.55  1.86  2.73  0.09  4.11  6.93  8.8  6.28  1.59  2.78  3.73  5.04  8.72  7.79  3.37  6.3  1.64  7.31
8.48  5.13  9.15  6.74  6.39  0.36  5.57  5.04  3.24  2.83  9.38  0.2  1.84  9.17  4.67  8.88  9.47  7.6  6.41  2.05  5.41  4.49  1.82  4.34  5.51  4.62  9.96  5.83  2.18  1.55  0.71  2.5  0.89  8.03  5.98  4.93  6.25  2.01  0.6  2.35  0.18  1.23  9.4  8.34  3.58  0.62  4.08  4.38  3.4  7.37  5.32  2.42  5.99  0.74  9.93  2.28  8.23  2.83  2.78  1.78  2.09  6.78  7.9  8.37  2.55  6.35  7.8  9.57  1.54  5.95  6.52  1.32  7.17  0.55  6.61  4.86  6.27  5.68  4.83  5.69  9.09  3.09  6.49  0.3  1.84  9.74  1.71  9.79  3.06  0.49  2.21  2.96  9.89  0.85  6.14  8.61  3.19  5.55  2.45  4.21
3.15  6.04  6.78  0.32  7.03  8.42  5.07  5.31  0.24  1.66  8.92  7.21  1.25  3.93  9.84  3.5  3.26  9.22  7.28  5.64  8.34  0.26  0.11  5.81  2.64  1.27  5.81  5.29  3.03  8.29  2.89  4.39  0.54  0.27  7.86  1.09  9.64  1.14  6.59  0.57  3.53  4.15  3.12  4.23  9.43  4.36  6.96  7.99  1.65  8.34  9.13  1.95  8.97  3.52  3.54  0.87  8.19  5.16  7.38  6.89  8.28  6.28  2.38  6.87  7.16  8.77  9.73  0.87  5.57  0.75  2.43  5.44  9.62  9.21  1.14  0.01  1.13  1.44  1.01  2.55  7.58  7.55  8.15  6.07  3.55  6.0  4.86  5.25  1.31  4.28  2.56  1.72  0.16  2.8  4.85  2.14  1.59  2.97  1.39  8.43
3.24  0.57  2.46  6.12  5.06  4.21  6.29  6.59  0.32  6.12  3.68  5.42  7.72  7.89  1.97  8.62  4.05  8.88  1.18  4.09  7.96  5.87  7.06  0.97  2.32  6.19  8.89  0.94  0.46  2.82  4.31  8.7  2.68  8.15  9.82  8.48  3.47  4.88  2.63  1.24  3.52  0.36  4.53  6.48  9.11  6.01  7.4  4.68  4.25  6.4  1.75  7.95  8.32  5.78  2.86  3.78  6.32  3.67  0.18  9.1  5.64  0.7  1.62  4.88  5.62  8.83  9.9  1.03  5.8  9.74  4.76  3.78  3.96  6.73  9.38  8.95  8.38  8.16  0.69  0.35  3.64  6.06  6.35  0.42  9.2  0.88  6.93  3.6  2.57  5.76  5.0  6.07  6.53  9.59  0.48  0.84  6.4  2.12  7.87  4.74
1.28  1.96  0.37  7.68  5.59  9.58  6.45  7.06  1.23  4.48  0.55  2.28  7.1  2.52  8.46  0.69  0.49  2.11  9.75  1.08  9.54  2.07  7.79  1.63  1.17  9.21  9.63  0.34  8.9  7.55  3.24  5.81  3.96  0.96  4.0  3.26  5.17  9.14  2.42  0.39  7.48  1.63  8.24  9.08  2.72  3.02  4.71  1.82  7.2  6.06  5.5  6.73  3.36  0.39  0.06  2.91  5.83  5.02  2.45  5.15  8.51  4.79  8.92  0.85  5.58  6.43  9.55  3.15  5.98  5.0  0.32  8.28  7.43  0.95  1.61  8.69  2.23  6.53  1.15  8.56  5.09  3.56  6.35  4.06  9.65  1.62  2.88  8.8  2.37  7.68  4.11  2.33  6.67  5.73  9.96  6.02  1.76  5.91  1.13  4.58
4.79  8.95  9.71  8.82  5.8  5.91  1.69  1.98  2.36  9.95  1.26  8.46  4.69  1.29  8.88  4.95  3.88  3.86  8.95  3.56  0.27  0.06  6.93  8.49  0.58  0.67  8.74  1.61  5.41  2.01  0.65  3.05  5.51  4.73  4.7  2.21  2.99  3.5  0.75  8.3  9.88  2.78  6.54  2.37  4.32  2.71  6.35  5.79  4.67  6.59  2.4  8.1  2.94  2.98  8.71  6.41  0.54  8.05  0.43  6.54  6.72  4.82  7.44  6.27  9.54  5.84  5.37  4.22  6.14  3.34  5.14  8.77  5.13  1.15  2.03  0.98  1.33  5.4  1.18  0.31  2.31  5.44  2.69  7.17  6.56  2.95  6.49  0.1  7.82  0.29  7.87  0.26  9.25  4.47  8.53  2.72  7.42  1.96  4.44  9.72
4.6  1.24  3.23  9.69  4.07  6.59  3.41  3.02  3.64  3.09  3.97  9.67  3.64  4.05  1.55  9.96  9.5  7.45  9.62  6.37  5.8  8.5  5.82  9.41  9.01  9.95  7.27  0.47  9.4  3.55  7.86  4.75  0.95  0.96  0.86  8.91  2.13  7.46  9.6  2.37  0.85  0.05  7.22  8.66  3.26  2.51  7.81  1.81  4.69  9.27  1.38  8.24  7.56  1.32  2.44  0.4  8.61  9.82  5.07  9.42  1.85  0.35  9.67  3.51  8.63  6.12  8.47  5.06  7.71  5.23  4.41  2.7  3.32  0.68  2.13  3.31  8.96  1.23  7.61  8.64  7.4  8.77  3.33  2.66  6.15  0.08  5.42  8.44  9.16  6.07  6.9  5.44  1.73  6.08  3.51  4.92  7.13  9.84  6.55  5.95
3.7  1.9  9.53  8.26  3.17  9.28  9.57  0.56  8.03  2.34  0.7  8.94  6.92  1.48  4.88  4.23  9.73  2.52  3.69  0.12  8.96  0.22  8.03  4.32  5.32  2.7  8.59  1.7  1.29  7.64  0.31  3.44  2.25  8.08  1.52  0.01  0.1  5.96  7.22  3.73  1.47  5.95  1.79  4.45  9.62  8.34  6.45  5.51  6.59  1.16  9.04  8.29  9.93  4.06  5.08  8.24  9.65  2.25  7.78  0.84  8.26  6.16  5.37  5.51  6.76  6.86  3.26  5.36  4.28  0.85  0.03  4.89  5.93  3.27  1.11  4.24  0.61  6.86  1.36  9.97  4.77  1.53  4.21  1.15  6.94  2.34  0.19  5.38  0.79  0.26  2.22  9.43  5.48  5.39  8.84  8.26  4.34  1.49  3.73  1.65
3.83  0.07  5.12  8.9  4.38  9.62  0.66  7.73  4.56  4.04  5.25  5.65  1.32  4.87  8.44  8.16  4.81  6.47  0.6  9.31  5.63  0.03  6.89  6.22  3.51  7.17  5.58  8.26  2.28  3.61  8.54  2.0  5.0  6.47  1.47  8.73  5.53  0.2  3.94  3.09  0.86  3.84  1.58  4.88  3.1  1.12  1.33  5.3  7.82  8.36  7.98  2.11  9.76  9.88  7.75  9.35  7.57  7.96  3.58  1.87  0.28  7.24  6.64  5.89  5.82  9.85  7.63  3.48  5.37  7.67  8.43  9.28  5.88  6.71  0.25  1.44  3.23  4.56  6.22  5.6  8.39  1.77  9.24  8.98  2.6  0.44  2.29  8.45  0.33  6.51  0.34  1.22  3.69  7.45  1.82  2.33  5.99  9.56  4.43  8.35
0.29  7.72  1.88  2.28  5.88  8.52  2.43  7.78  7.77  6.77  4.82  7.28  2.06  8.95  7.58  6.67  3.78  7.22  5.93  0.25  1.56  5.71  7.11  7.88  1.23  8.75  7.77  2.13  4.51  5.6  1.35  1.87  2.27  0.14  6.88  1.56  0.37  9.83  4.97  3.62  0.2  8.43  1.19  1.62  2.55  4.63  1.57  2.34  4.13  0.51  9.97  6.95  0.1  1.98  5.47  5.57  8.37  6.57  7.08  2.95  5.06  6.63  8.48  1.79  8.6  1.56  0.12  9.15  0.53  2.27  2.81  9.16  3.25  4.11  9.93  0.2  5.56  2.4  3.9  6.31  7.47  1.78  9.51  3.58  1.25  3.92  4.96  4.68  8.78  3.36  9.63  5.06  8.89  1.9  5.14  6.9  0.78  9.89  7.63  0.71
2.71  1.48  9.9  1.13  2.62  0.85  9.3  7.86  2.38  3.77  9.41  1.42  2.04  1.88  1.35  7.71  8.1  9.67  5.02  9.2  3.94  7.15  9.35  5.63  4.98  6.09  4.73  8.16  8.89  7.26  7.19  3.34  1.39  1.53  4.65  6.09  0.47  8.7  5.1  9.14  9.31  9.81  8.42  3.17  6.48  6.84  3.73  5.25  0.04  1.17  1.39  8.1  4.92  4.89  3.31  2.91  1.29  1.32  5.43  3.96  0.52  2.67  4.71  0.17  1.47  7.55  9.39  4.85  0.36  3.67  5.73  7.08  5.08  3.44  1.73  7.98  0.4  5.41  8.64  1.51  8.44  0.16  1.87  6.7  2.88  9.5  9.47  0.02  4.78  3.07  0.02  6.03  5.77  0.71  7.69  0.67  0.53  3.79  4.89  7.96
9.46  8.67  5.13  5.67  1.78  2.84  4.66  3.25  9.48  1.94  5.89  8.18  5.71  4.33  9.54  7.22  4.68  8.95  6.36  1.78  8.66  7.74  4.14  7.79  5.45  5.64  4.17  2.33  8.14  5.57  9.61  3.27  6.14  3.85  0.96  6.67  3.06  4.94  6.29  5.18  6.52  7.07  4.86  3.58  2.62  7.41  9.04  8.0  9.96  6.16  4.24  3.72  8.83  8.1  9.66  3.43  0.48  8.65  0.08  7.85  2.73  8.58  4.86  5.34  8.12  5.08  5.43  2.03  3.06  9.73  2.84  2.55  6.62  8.85  5.5  9.36  2.22  6.68  6.47  6.58  3.44  8.58  2.08  6.65  6.09  7.44  3.13  4.88  5.87  7.93  3.68  6.02  0.06  7.38  1.46  9.58  7.47  4.41  7.51  5.89
1.48  7.03  6.79  4.82  8.43  6.38  9.42  4.99  4.12  7.43  3.16  2.44  0.85  7.92  9.62  3.57  7.69  0.36  9.67  1.2  2.87  6.78  0.64  2.74  2.89  5.07  2.33  3.46  3.94  6.85  8.67  6.51  2.07  6.48  0.88  6.87  1.7  8.33  3.65  6.96  4.69  5.45  9.1  6.5  4.11  4.87  8.95  9.41  2.71  5.12  4.55  5.0  1.18  6.63  0.08  6.43  1.77  7.83  6.31  2.83  5.46  0.44  6.75  9.49  6.0  2.3  3.5  0.68  7.04  6.0  2.31  0.74  4.23  0.94  3.32  0.24  7.57  0.56  9.91  3.86  4.71  7.67  0.66  9.67  7.38  1.93  2.73  7.04  8.79  1.55  8.41  6.97  4.37  7.09  6.23  0.22  9.6  3.49  8.75  2.1
4.04  9.26  0.9  8.22  3.48  9.94  0.31  8.11  3.14  3.59  7.9  1.76  7.13  9.92  2.47  6.53  7.95  3.5  9.18  2.61  0.69  2.47  8.23  8.23  4.89  6.09  4.7  5.09  5.43  1.98  1.67  3.62  8.62  7.44  3.18  4.13  1.18  6.33  8.36  9.23  8.05  7.19  1.92  4.69  8.74  0.01  2.6  1.35  8.07  1.74  0.95  6.06  9.08  6.36  2.55  2.17  2.5  5.42  9.37  6.74  2.3  1.24  7.14  0.94  1.29  0.83  3.02  7.85  7.92  1.52  8.49  9.6  5.08  3.91  7.65  9.23  8.99  3.86  0.63  8.47  6.49  1.93  1.82  0.72  0.86  9.26  5.7  3.98  3.37  9.28  8.14  6.48  4.62  1.52  1.58  5.22  9.38  4.97  7.07  7.21
0.73  7.09  2.84  0.61  5.27  4.74  8.41  9.97  0.94  1.82  6.01  8.37  7.01  8.78  3.2  7.7  2.65  8.63  6.29  8.81  3.43  3.16  8.58  4.31  6.99  7.81  7.84  0.02  10.0  4.94  2.12  4.31  4.13  8.99  2.09  7.52  6.7  6.49  8.32  8.55  0.67  5.37  9.12  9.05  1.97  8.32  5.72  3.87  8.56  2.57  0.53  6.21  0.01  3.03  6.13  0.88  2.99  8.8  7.29  0.95  6.82  9.1  1.92  0.49  4.72  3.11  2.45  3.91  8.01  9.3  6.73  7.14  6.74  2.76  5.23  8.11  8.17  9.0  3.83  1.11  4.06  0.28  0.65  0.19  5.5  4.19  6.68  5.24  3.31  4.4  7.82  8.1  3.27  5.32  6.3  0.32  2.15  4.47  1.4  7.89
1.05  7.21  5.65  8.52  1.12  9.23  0.57  7.27  2.77  9.07  6.72  1.61  3.75  5.64  5.38  5.88  7.91  0.55  0.36  7.86  2.39  2.22  2.26  6.7  6.32  2.96  8.5  7.28  2.76  3.09  5.41  7.47  4.19  1.38  1.68  3.97  0.17  4.14  7.81  3.86  7.52  6.52  0.57  8.57  5.53  5.18  3.47  0.69  6.1  1.41  8.19  4.45  8.46  5.0  2.22  5.62  7.03  0.4  2.84  1.46  0.98  6.28  7.43  7.49  9.22  3.91  0.04  1.72  4.07  2.59  4.84  1.54  6.46  0.44  0.25  3.58  9.55  0.36  3.47  3.17  1.22  9.16  9.18  9.33  1.5  1.05  0.24  8.33  7.1  4.94  2.77  0.21  9.8  7.55  4.52  7.66  8.28  8.85  7.17  5.87
6.5  5.6  1.47  3.2  0.33  5.12  9.05  8.33  2.15  5.55  9.93  3.06  1.97  9.39  8.22  8.96  9.33  6.29  5.07  8.88  4.04  0.28  5.85  0.33  8.5  7.61  7.36  2.07  5.61  3.36  4.5  4.98  2.42  4.06  1.95  0.22  0.9  1.55  1.06  9.04  2.71  7.45  0.16  4.4  9.08  5.73  9.51  8.51  4.28  0.46  5.83  1.5  6.55  6.97  3.68  2.08  0.29  2.24  5.93  9.33  9.54  5.76  4.14  2.72  8.34  9.07  2.45  9.38  9.46  5.65  8.9  1.4  3.92  1.54  7.97  9.92  7.56  7.53  8.32  8.52  7.64  2.81  8.7  7.98  8.31  1.05  5.34  2.32  5.94  1.12  1.53  0.14  8.25  1.78  4.95  2.37  3.48  5.78  0.6  6.71
5.01  5.02  3.51  7.79  2.63  9.09  6.49  2.61  8.97  5.25  4.07  0.49  6.79  7.09  5.26  2.6  0.29  4.01  1.75  5.56  5.65  0.44  7.99  4.21  2.69  8.26  8.83  1.2  2.42  4.81  2.07  8.03  2.18  4.78  7.53  6.47  5.73  6.85  8.18  8.09  8.94  0.82  8.11  9.32  9.73  3.33  5.18  3.21  0.28  4.43  5.08  3.74  0.25  7.85  8.63  5.99  4.46  7.37  8.07  4.59  6.88  9.77  5.89  0.62  0.48  1.61  4.54  1.22  4.72  0.18  5.4  7.08  8.35  8.28  4.08  5.14  4.18  0.74  6.86  9.18  2.46  7.45  7.39  0.79  3.44  5.6  3.13  2.83  9.54  5.48  4.6  6.46  8.69  1.57  3.17  4.56  4.3  8.9  4.66  2.98
8.24  2.66  3.57  7.91  5.16  0.98  4.05  6.72  9.63  0.74  4.83  4.61  5.34  7.08  2.66  1.68  6.71  0.65  4.24  5.99  5.35  5.15  4.86  4.55  4.37  0.15  3.74  4.81  2.98  5.13  9.75  6.05  3.96  2.29  7.42  1.39  0.71  2.86  7.64  8.06  2.34  1.62  1.58  0.79  6.98  6.41  5.91  7.04  4.24  8.82  9.82  2.01  3.86  9.81  1.3  4.91  8.55  2.04  1.96  7.26  0.5  4.63  9.37  8.71  5.99  3.1  1.38  1.13  6.03  4.81  7.65  3.62  0.74  6.36  3.08  9.29  4.14  8.61  1.28  6.31  0.62  4.3  8.15  8.64  0.35  0.18  5.41  8.48  1.59  9.88  7.57  7.55  5.36  9.42  9.1  0.44  0.18  3.76  3.61  5.89
2.96  6.88  3.84  1.04  1.24  9.66  9.28  8.0  9.04  9.84  0.27  2.08  3.82  3.22  4.77  0.99  1.69  4.67  4.15  9.55  6.57  6.08  9.2  6.82  7.79  2.08  6.82  9.25  9.37  5.09  6.42  1.23  9.46  0.99  2.75  3.45  7.41  3.8  9.8  5.75  9.6  7.73  7.57  0.32  6.55  7.7  7.71  2.75  4.18  9.45  9.61  1.68  1.01  9.18  3.02  2.19  5.64  9.65  3.94  5.51  6.64  6.43  1.29  4.26  6.92  6.14  1.77  3.23  5.95  0.75  5.8  4.65  9.83  5.35  5.51  7.63  1.46  7.38  1.81  8.54  3.67  1.31  3.57  6.8  9.05  2.89  6.23  5.61  0.98  6.79  6.47  9.05  7.69  1.59  8.43  2.46  6.36  0.48  1.24  8.56
3.77  1.18  0.64  2.6  1.6  9.83  2.62  7.1  8.88  5.55  9.97  2.33  5.62  9.76  8.1  7.45  3.18  8.97  9.79  6.85  2.71  8.43  4.46  3.59  2.41  4.89  9.12  9.71  0.33  2.04  6.11  6.68  0.19  2.31  4.07  7.68  8.03  5.22  2.12  7.14  0.32  0.86  6.93  5.32  3.46  2.92  9.55  7.71  3.94  5.29  8.58  6.21  0.39  3.4  3.48  6.71  4.83  8.95  1.59  0.32  6.95  8.94  1.92  3.05  5.1  3.92  7.35  2.02  0.31  5.77  0.76  2.62  6.38  4.17  2.98  3.07  8.52  7.75  4.14  8.39  1.52  5.72  3.25  7.37  8.86  1.49  0.22  6.98  2.7  3.54  2.2  9.43  7.22  5.49  7.81  6.94  5.97  4.18  6.67  7.69
4.64  4.82  6.52  5.8  6.89  4.61  0.83  9.94  8.16  8.1  7.2  8.15  5.82  9.18  6.43  4.38  0.15  0.41  7.16  6.36  2.99  6.26  9.21  9.36  7.77  3.18  4.62  6.38  6.68  6.08  9.35  3.32  2.57  6.93  0.5  2.29  1.25  1.82  6.06  0.13  3.31  9.36  5.64  9.37  3.54  0.04  3.38  7.42  9.8  4.24  5.31  4.15  4.92  8.89  0.72  2.55  8.36  7.25  5.1  0.79  2.45  1.23  4.74  4.52  4.6  2.82  3.85  7.59  7.86  2.21  8.13  1.92  8.8  4.8  8.11  8.3  6.39  0.96  7.04  7.68  8.48  5.03  4.23  3.84  5.43  8.79  6.39  9.63  1.66  8.95  6.01  7.67  4.98  8.92  2.74  6.46  9.46  1.4  8.78  1.77
4.96  8.0  0.94  6.58  4.4  3.55  8.6  8.2  1.85  7.5  3.86  9.2  6.07  8.71  1.1  0.8  0.54  6.7  6.03  6.39  9.14  6.55  0.38  3.78  0.65  5.35  1.14  0.91  5.73  0.11  9.42  8.95  4.81  1.42  5.99  3.53  4.51  7.15  9.24  2.78  9.83  2.14  1.16  4.64  5.08  4.19  1.36  1.91  8.48  2.55  3.59  5.71  9.38  3.13  3.33  2.75  9.33  5.78  6.18  3.77  9.87  7.79  0.26  2.42  4.96  3.06  8.54  0.4  1.54  4.94  6.45  7.95  4.14  0.08  7.02  6.67  3.1  5.22  4.92  2.75  9.41  4.43  0.66  0.36  1.52  8.55  8.21  0.09  1.61  2.47  3.77  4.72  4.72  0.15  6.42  5.85  6.45  9.11  3.54  2.97
2.35  1.36  8.15  7.66  2.0  2.58  6.67  2.95  1.16  0.07  3.76  4.7  9.07  8.29  7.76  2.39  2.31  6.66  6.56  8.96  2.17  5.05  8.18  7.35  6.3  8.42  6.58  9.7  0.03  4.96  7.32  7.01  4.63  1.45  0.75  2.2  9.29  7.26  6.83  9.74  2.92  1.09  6.78  0.65  0.86  4.49  0.23  9.45  8.9  8.75  0.61  1.93  6.68  3.5  1.68  6.71  5.09  9.68  9.05  2.01  6.09  3.79  0.57  7.28  7.25  5.26  2.7  5.58  3.08  5.23  0.8  8.61  6.18  5.46  9.64  4.03  6.27  7.07  3.7  5.15  0.37  6.54  4.85  3.07  1.57  4.9  8.13  6.8  1.72  7.85  7.4  8.9  0.2  4.73  7.57  1.09  4.5  3.92  2.11  1.93
7.67  8.11  3.98  8.2  0.89  7.42  9.25  4.09  1.56  2.13  6.45  7.44  9.12  0.97  0.81  5.63  3.65  8.93  2.0  3.99  8.92  6.72  4.05  6.35  2.44  9.7  2.72  8.0  6.6  2.78  2.85  7.36  7.29  2.42  9.86  0.46  6.01  1.68  6.15  6.06  7.49  4.34  5.33  3.26  9.18  9.54  6.23  6.17  9.48  6.63  6.81  2.79  9.39  2.32  9.2  5.13  0.95  1.31  3.66  5.35  9.89  1.76  4.56  0.38  9.3  3.14  6.48  4.09  5.77  9.96  5.88  2.31  9.54  8.53  0.22  6.1  7.2  2.66  6.71  1.81  4.36  0.57  0.58  9.7  4.16  5.42  4.49  9.46  9.93  9.87  3.1  3.12  6.08  2.99  4.38  7.37  8.16  4.73  3.17  9.59
6.37  8.88  5.97  2.04  4.34  8.47  7.06  0.96  5.64  1.09  4.67  4.06  0.53  8.57  4.75  1.78  0.6  9.86  7.07  4.75  6.79  4.67  3.48  6.4  6.39  1.72  5.07  1.05  2.86  3.33  1.59  4.89  6.35  9.99  2.49  6.22  0.64  4.67  3.63  5.54  5.45  2.18  3.64  6.48  6.81  7.26  8.45  1.01  5.94  9.6  1.85  0.87  8.5  7.94  7.08  2.68  9.97  3.69  9.1  2.03  1.4  4.38  1.49  9.77  0.46  5.67  1.48  1.58  7.98  6.9  9.39  2.91  1.73  5.47  7.64  0.57  7.55  0.23  6.16  7.38  5.82  0.05  3.61  9.9  0.97  1.22  8.65  3.79  0.53  7.15  0.55  7.77  9.44  4.38  3.61  2.98  9.34  1.67  6.33  3.21
9.39  9.03  6.25  2.21  0.72  8.23  3.31  0.32  4.64  1.91  7.36  6.37  1.4  0.99  4.58  7.95  8.0  5.58  6.18  1.47  2.78  7.24  4.42  3.24  9.42  3.98  9.89  6.38  9.89  1.26  0.86  9.17  1.7  0.66  9.9  0.85  2.31  2.14  7.47  5.8  7.44  3.07  4.55  3.71  0.79  9.79  0.55  8.13  0.39  1.74  8.12  7.69  9.36  5.88  8.17  1.34  5.24  7.46  4.26  3.75  0.43  0.42  0.87  7.15  4.96  0.3  0.68  7.67  7.29  2.13  2.22  8.59  1.84  6.7  2.32  3.55  1.09  3.49  5.28  7.78  6.01  1.06  1.6  5.18  0.78  8.88  9.45  0.73  5.72  4.41  8.16  9.14  4.37  4.94  6.75  0.74  6.52  1.27  9.95  6.82
9.46  9.21  9.74  0.67  3.4  8.7  0.78  3.7  7.77  2.25  0.95  7.32  2.98  4.78  6.87  1.49  3.7  7.72  1.65  8.02  9.26  7.18  5.7  0.14  8.18  4.25  9.07  9.58  0.38  8.66  5.39  9.9  7.55  3.35  2.04  4.62  3.09  7.41  9.39  8.97  9.69  8.79  0.72  2.14  0.93  6.17  8.4  6.05  7.35  5.68  1.38  6.59  1.18  2.76  8.97  0.07  1.69  5.17  4.04  5.0  2.73  6.2  5.98  6.92  6.93  4.45  4.9  1.4  1.79  6.4  9.51  9.84  3.7  2.24  3.46  6.55  4.8  2.94  3.96  3.74  6.75  8.5  5.91  7.34  6.1  1.02  8.37  6.48  2.22  7.07  7.62  5.59  2.79  6.86  7.06  2.19  4.35  4.78  4.48  4.34
4.88  1.22  3.36  9.65  9.35  8.05  5.41  3.8  9.07  0.22  0.83  2.22  8.58  3.81  0.51  7.39  4.63  2.9  2.25  5.7  6.52  6.38  1.24  8.99  2.85  5.46  4.36  5.65  5.06  2.74  2.3  6.8  5.14  8.14  7.24  5.9  0.34  8.55  8.53  8.54  8.07  7.64  3.4  6.53  5.85  3.77  2.36  2.89  7.47  2.97  1.35  8.45  1.33  0.82  3.54  4.31  4.54  6.62  3.13  7.86  8.3  3.78  7.08  6.53  7.22  0.86  5.64  3.4  9.41  7.88  5.46  8.64  9.72  1.4  2.63  3.31  0.32  8.94  0.36  7.29  1.36  7.05  7.98  1.79  1.81  3.69  7.07  6.34  4.84  3.44  5.61  1.08  2.85  9.94  6.72  7.43  3.56  3.49  0.74  5.07
7.16  0.74  3.64  2.56  0.81  5.14  7.24  8.26  5.54  9.2  7.86  2.73  3.89  4.28  1.18  9.04  8.43  4.18  5.88  7.52  0.88  2.85  0.33  0.29  9.61  1.24  1.01  6.9  8.09  1.38  2.56  0.13  0.22  4.48  2.04  7.46  1.07  1.98  9.24  9.57  6.67  6.24  0.4  1.35  9.67  7.89  3.13  0.63  1.01  1.58  5.6  5.45  4.06  6.34  1.59  3.97  0.15  6.67  5.87  2.94  1.19  8.33  3.8  6.28  2.25  3.12  1.91  2.39  9.94  6.26  6.64  9.64  2.03  0.08  1.64  1.73  8.12  1.58  2.29  5.02  7.35  1.15  8.02  6.59  6.71  8.83  1.33  0.83  6.8  0.73  4.27  8.11  9.07  9.64  3.68  6.05  3.52  2.84  0.26  8.6
3.17  3.04  7.15  8.05  6.7  3.76  4.17  1.31  0.34  5.06  1.48  9.95  3.69  4.76  4.32  2.77  0.94  9.58  2.38  4.74  2.25  9.76  9.63  7.46  1.83  5.91  4.63  7.01  5.08  0.27  2.78  5.0  1.09  3.89  2.89  0.81  2.08  1.51  4.62  2.96  3.18  4.82  7.45  5.65  2.41  2.8  9.3  5.16  3.45  9.25  3.67  2.93  5.22  4.23  7.32  6.52  9.65  0.79  1.64  9.83  0.24  8.13  6.18  4.64  9.99  8.05  9.91  2.98  2.39  7.18  7.1  5.14  8.05  9.19  6.35  0.17  5.43  4.32  5.24  4.08  1.8  3.85  0.16  7.74  9.41  7.57  3.41  3.15  0.65  6.44  5.88  2.04  6.31  1.28  0.79  6.72  7.45  9.72  4.01  7.96
4.07  7.09  0.85  2.24  0.9  6.68  8.65  4.69  0.83  0.73  0.99  5.53  2.22  4.71  5.43  4.01  0.22  5.93  2.58  7.29  0.79  7.71  9.55  7.75  4.57  3.4  4.37  6.63  8.89  2.97  3.66  5.48  8.51  0.48  6.16  3.21  6.75  5.07  2.93  2.38  2.89  0.72  9.89  7.95  0.5  5.37  3.76  8.43  7.31  8.86  6.03  4.09  0.22  9.4  5.89  2.02  1.15  7.16  9.27  6.34  0.29  7.6  8.26  5.99  0.29  8.05  4.56  7.03  9.0  9.7  4.0  7.94  1.68  6.64  4.09  6.57  5.95  6.35  0.64  4.62  1.01  6.16  9.78  0.68  6.5  0.65  9.79  8.09  0.72  7.09  8.61  8.68  7.02  9.41  7.03  0.97  1.48  4.61  2.74  6.87
2.32  6.32  3.1  3.55  6.33  1.76  4.63  3.05  0.96  9.69  0.64  1.81  1.49  7.46  4.37  3.92  3.58  2.38  6.13  8.48  1.32  6.51  5.32  6.51  3.57  2.93  2.7  3.53  2.2  7.7  7.61  1.9  5.71  9.76  0.82  7.06  6.35  6.86  5.77  2.07  3.26  6.32  8.71  3.65  5.86  7.02  0.07  0.06  1.58  2.78  0.14  6.98  4.11  6.03  5.75  1.88  1.24  1.07  4.39  3.01  0.83  9.44  4.21  6.79  3.07  5.12  2.46  3.91  9.05  8.96  8.63  6.54  4.15  8.43  7.79  2.97  0.1  7.09  7.61  6.11  2.59  4.73  8.59  6.71  2.29  4.48  6.21  0.73  8.14  2.98  4.23  4.76  2.93  0.34  1.41  7.4  6.7  8.44  4.71  3.13
5.83  2.41  7.21  5.75  3.12  5.16  0.98  7.79  9.12  3.82  4.76  7.57  6.06  3.15  3.44  2.23  4.9  0.97  4.43  2.28  4.65  9.91  1.31  7.76  0.0  5.35  6.14  9.2  6.89  1.73  7.38  2.06  5.7  6.98  6.56  2.49  3.2  8.94  3.03  9.51  2.57  1.55  0.26  6.93  9.9  7.57  4.18  5.53  4.79  3.19  6.37  7.23  0.72  6.08  9.2  7.93  8.82  3.26  3.39  2.58  2.09  7.37  6.64  2.86  2.45  2.59  8.54  5.18  0.96  0.25  7.22  6.84  3.53  2.48  6.65  7.74  1.63  8.75  7.56  8.97  1.12  5.25  2.61  4.28  2.34  0.13  3.74  9.7  0.38  2.61  6.37  1.02  9.75  0.17  3.17  6.54  0.42  2.51  8.01  3.88
9.01  1.74  5.08  9.65  0.7  7.35  3.5  0.77  4.19  4.79  3.39  0.08  6.19  9.11  6.7  2.23  4.45  2.01  1.27  0.16  9.66  6.14  3.4  7.28  1.68  5.49  7.4  2.41  0.44  5.85  9.58  6.15  9.14  2.13  0.62  8.76  1.47  2.73  1.17  5.79  8.36  6.96  8.98  7.71  0.08  2.26  3.32  7.13  3.85  1.28  3.06  6.09  4.35  5.85  6.16  2.38  1.28  0.95  4.34  9.91  7.62  5.84  3.21  3.86  5.81  2.79  6.14  2.74  2.7  3.73  8.83  7.21  7.19  8.53  0.66  8.74  8.27  9.33  6.7  3.17  8.88  1.41  6.38  1.65  0.34  2.37  3.56  5.74  5.74  5.15  5.09  8.94  7.26  7.74  6.12  8.62  5.39  2.6  0.46  5.05
7.16  1.43  0.1  2.41  0.25  7.97  5.2  5.47  6.86  6.63  7.28  4.24  2.84  4.81  8.83  0.33  4.61  5.78  2.39  6.86  0.89  0.25  7.47  7.48  7.34  5.16  3.03  8.92  9.85  3.07  0.8  0.31  2.89  8.61  0.77  5.15  1.68  4.95  4.02  4.3  1.34  4.96  0.53  8.52  7.81  6.7  4.99  6.67  6.68  2.83  3.53  8.82  7.25  4.02  2.61  8.83  3.07  0.66  6.39  6.79  5.37  7.46  2.29  9.96  2.06  6.24  0.12  6.03  8.67  9.57  4.48  3.64  2.41  2.3  7.82  8.2  8.43  2.66  3.89  6.69  3.13  6.53  4.42  9.75  2.25  7.83  8.47  5.7  0.76  7.5  9.7  9.68  0.79  2.36  2.42  8.32  4.1  5.47  6.11  5.6
5.25  5.24  4.98  7.16  5.05  7.37  8.14  9.38  6.73  8.21  9.58  1.69  7.55  6.82  5.45  4.09  4.24  7.52  2.07  4.71  8.31  3.19  1.82  9.96  6.97  2.98  2.3  9.29  4.86  2.05  4.4  8.73  0.85  4.07  9.4  3.96  8.67  9.73  7.0  3.76  2.27  5.91  3.21  9.05  0.61  6.0  1.91  4.99  9.98  0.82  1.02  2.76  5.66  0.47  3.57  5.11  8.53  6.29  0.74  3.39  6.23  8.05  9.46  2.68  7.87  8.02  0.19  8.65  8.22  0.11  5.82  9.81  9.88  7.21  2.64  2.62  6.38  4.89  4.12  0.07  4.49  5.85  2.98  9.35  0.13  5.93  1.84  9.11  2.18  6.24  3.66  2.98  9.63  7.02  9.3  6.07  4.15  6.32  3.65  9.07
