10 100
6.58  1.72  4.72  0.21  7.97  7.88  9.26  0.93  6.34  1.26  2.15  2.17  1.14  1.66  0.7  8.49  9.75  2.38  2.49  0.46  8.15  3.3  8.27  3.71  3.34  7.69  2.5  4.03  3.2  9.38  4.43  7.18  8.13  3.36  7.13  6.04  0.98  7.93  8.21  3.88  4.87  0.54  0.04  7.71  5.36  0.2  6.79  4.52  5.02  0.98  8.04  4.94  7.86  0.6  0.49  3.25  9.45  1.82  8.34  0.49  9.52  3.11  5.33  1.91  5.04  4.83  4.22  8.57  8.75  2.08  1.48  8.19  1.77  8.91  2.38  7.88  7.41  6.48  7.93  1.67  0.22  0.91  1.12  1.19  9.53  6.16  1.24  3.95  7.96  5.97  2.74  4.72  4.69  2.14  6.82  6.19  5.06  3.73  0.14  2.81
3.65  3.99  6.59  2.57  9.51  6.06  1.28  0.83  8.95  4.91  2.63  7.52  9.53  9.89  0.45  6.7  3.25  5.19  8.74  4.11  2.63  9.68  2.04  4.9  3.14  0.66  1.07  4.37  9.14  0.09  3.75  3.01  1.68  9.33  5.93  6.57  1.73  7.53  3.39  8.06  1.42  9.05  2.08  5.73  6.58  9.32  2.06  9.12  1.72  2.79  8.87  8.95  1.12  9.68  3.42  6.45  6.72  8.36  7.33  4.94  2.09  1.15  2.09  3.36  2.47  8.14  7.47  0.18  9.29  9.52  8.44  4.97  2.3  6.87  1.61  1.48  7.83  3.58  4.65  9.21  4.45  7.83  0.25  1.88  8.75  1.08  7.47  6.91  6.42  8.69  2.48  1.01  4.51  0.85  7.67  9.1  0.85  1.83  4.64  2.83
9.87  6.68  4.33  5.3  5.31  3.93  7.1  2.15  1.93  1.02  8.74  1.44  6.33  9.49  2.55  4.04  3.48  6.91  2.65  8.6  9.24  6.17  6.71  5.2  8.45  8.47  9.45  6.12  4.3  6.94  5.83  7.28  9.51  7.07  9.62  2.85  3.16  9.59  2.04  4.03  7.7  4.56  3.34  3.91  3.58  9.06  9.82  0.26  1.58  9.92  8.19  6.35  8.05  7.31  9.22  5.18  7.89  6.19  6.19  3.09  3.85  8.9  7.72  8.44  0.37  8.72  9.59  0.11  5.45  3.08  0.68  5.79  1.2  0.52  1.57  0.78  4.44  0.65  3.83  9.07  9.64  9.35  3.8  3.07  0.84  0.06  5.32  7.34  1.98  2.47  8.16  5.14  7.11  1.53  7.82  6.38  3.71  6.98  1.44  2.99
4.87  0.86  3.21  5.58  8.61  7.77  5.72  7.24  9.23  9.51  2.6  5.96  0.13  7.4  5.94  1.23  8.77  2.77  2.1  9.76  5.31  5.87  0.34  7.89  1.1  2.09  3.73  1.7  6.22  3.94  5.64  8.56  7.32  3.69  1.18  8.73  7.01  8.81  4.03  9.81  0.16  0.72  2.84  0.07  6.93  9.18  4.39  0.71  0.3  1.79  1.88  4.87  0.5  7.12  8.67  8.56  0.16  8.05  3.84  2.66  8.47  7.45  1.93  9.37  3.25  1.91  2.47  0.32  2.01  4.2  2.63  9.52  6.56  4.15  6.13  0.38  4.93  0.96  0.77  1.19  5.55  8.78  2.98  6.08  9.41  6.17  7.7  5.46  6.03  5.62  4.08  5.07  8.46  1.01  7.56  3.28  2.76  4.32  2.04  2.41
5.02  0.62  5.7  7.44  0.89  5.49  6.06  6.78  3.22  8.83  2.91  4.63  1.87  1.54  5.75  6.71  5.18  3.27  6.0  6.73  4.48  6.15  2.18  7.19  1.16  3.89  7.34  6.29  8.48  1.85  0.88  4.58  1.23  6.91  4.06  4.94  0.18  0.38  4.66  3.04  0.42  8.26  5.75  1.3  3.93  0.37  0.08  6.46  3.31  7.33  8.75  6.58  6.48  1.63  0.96  0.66  3.74  6.58  9.52  7.61  2.37  4.14  4.14  8.38  1.1  0.26  2.73  6.55  6.23  3.69  3.91  6.17  1.47  0.48  2.47  0.49  0.08  1.75  7.8  5.4  7.95  6.79  7.67  7.72  6.79  5.47  4.41  1.41  3.78  7.35  3.24  2.09  1.66  0.39  6.37  6.12  2.03  0.63  4.19  4.55
3.85  5.67  9.99  8.18  3.22  2.53  9.71  6.98  1.14  2.64  4.41  8.49  7.47  4.88  9.76  3.6  1.77  3.92  5.2  7.8  8.84  1.84  1.06  0.93  2.16  5.35  7.5  9.88  3.72  2.63  8.95  8.65  5.36  4.22  2.85  2.3  6.6  5.88  8.31  6.13  3.05  9.69  8.67  2.84  0.72  7.8  1.19  5.79  2.91  6.23  9.95  8.3  0.71  6.14  2.61  2.13  3.2  7.01  5.23  5.35  5.95  5.4  8.66  3.35  7.03  3.86  3.35  0.78  6.81  1.85  2.1  4.9  9.82  4.24  7.31  5.04  5.8  2.52  4.77  6.69  6.34  9.32  5.1  4.81  4.29  8.37  5.98  6.97  6.24  7.11  0.72  6.27  1.41  4.09  3.44  8.02  2.38  0.02  0.12  1.82
6.79  9.43  7.51  5.78  2.6  5.62  2.07  3.95  5.39  8.02  2.8  5.8  9.98  3.76  1.61  1.4  3.56  6.36  2.24  5.31  4.99  8.48  3.96  4.35  5.32  9.72  2.54  8.48  4.67  6.01  7.44  6.3  4.11  2.71  1.44  3.88  4.77  2.22  5.78  2.27  3.08  1.31  8.13  2.03  7.9  6.15  5.95  0.65  5.34  3.15  8.75  3.23  2.96  0.12  3.91  3.41  6.37  0.27  0.52  9.42  7.97  0.63  7.99  6.9  2.75  2.46  9.41  0.06  0.76  8.8  6.85  5.01  0.74  7.65  3.55  1.73  2.56  9.8  3.38  4.94  7.14  0.84  4.16  8.29  0.23  7.24  8.18  6.73  0.59  3.0  8.2  1.64  4.75  6.99  7.6  5.17  2.69  8.23  3.74  3.34
8.76  3.34  9.83  1.01  5.54  8.75  1.92  5.69  6.17  2.93  3.08  9.6  5.94  2.17  0.12  3.79  4.47  3.72  5.77  6.77  0.47  3.54  1.74  3.03  4.37  1.7  9.25  2.69  1.7  5.38  0.35  3.44  0.7  3.83  0.34  8.49  7.69  4.09  4.56  7.29  8.75  5.18  4.98  9.83  7.76  2.08  6.86  5.48  3.43  1.29  3.76  3.66  1.22  2.95  7.69  0.98  0.94  4.51  6.24  6.82  9.27  0.11  3.29  2.95  1.03  3.35  4.48  4.57  8.86  7.15  5.2  4.7  6.28  7.06  5.92  3.62  7.02  1.31  2.79  3.52  5.09  8.26  0.27  9.08  0.19  4.47  0.9  7.16  0.06  4.94  6.42  8.91  1.93  1.25  7.21  9.09  2.44  5.87  2.98  0.42
8.42  6.29  1.49  2.25  6.35  1.84  4.62  1.06  1.03  9.63  1.64  2.83  5.02  9.93  0.24  2.17  0.54  5.03  5.94  4.47  6.66  8.66  0.93  6.37  8.32  2.59  5.25  0.04  5.28  7.95  5.11  7.05  2.0  5.99  8.52  5.93  7.72  1.98  3.27  3.46  3.74  5.37  2.17  9.92  3.51  8.47  9.07  6.43  5.64  6.47  8.65  8.84  4.99  3.96  4.61  7.94  9.79  9.6  9.84  1.27  5.84  9.11  7.4  2.68  7.94  0.36  0.98  9.2  2.58  8.64  9.42  3.27  0.46  0.24  0.89  2.77  2.95  5.72  6.16  9.57  6.18  7.75  6.95  5.35  5.37  6.15  1.35  9.38  4.81  7.01  1.94  3.66  8.35  6.56  2.03  4.94  1.75  0.35  4.12  4.21
5.68  6.79  3.51  9.33  4.96  2.87  3.19  7.69  0.4  2.3  3.0  6.18  7.09  0.19  7.5  2.1  6.11  8.67  1.73  4.53  7.63  4.99  1.02  4.05  4.75  3.42  6.36  1.38  8.6  9.79  6.74  8.01  2.26  4.64  6.78  0.91  3.32  3.79  3.62  5.22  9.82  7.12  8.06  5.3  4.13  9.24  7.49  5.73  3.4  0.74  5.58  1.82  1.38  9.89  8.47  9.35  3.79  0.53  0.89  0.55  6.01  1.13  9.81  6.99  0.09  3.96  3.2  1.79  8.69  5.12  8.86  6.6  4.77  3.09  7.91  4.8  2.22  3.39  4.62  9.5  9.29  0.56  8.26  5.22  2.94  9.01  1.51  5.16  5.3  9.24  7.07  6.08  5.05  6.64  1.42  2.1  9.21  5.2  8.41  2.36
